1 3 0 0 0 1 1 1 0 0 0 0 0 0 0 0 0 0 0 0 0
2 3 0 1 1 0 0 0 0 0 0 0 0 0 0 0 0 0 1 0 0
3 3 0 0 0 0 0 0 0 0 0 0 0 0 0 0 0 0 1 0 0
4 3 0 1 0 0 0 1 0 0 1 0 0 0 0 0 0 0 0 0 0
5 3 0 0 0 0 0 0 1 0 1 0 0 0 0 0 0 0 1 0 0
6 3 0 0 0 0 0 0 0 0 1 0 0 0 0 0 0 0 0 0 0
7 3 0 0 0 0 0 0 0 0 1 0 0 0 0 0 0 1 0 0 0
8 3 0 0 0 0 1 1 0 0 1 0 0 0 0 0 0 0 0 0 0
9 3 0 0 0 0 0 0 0 0 1 0 0 0 0 0 0 0 0 0 0
10 2 0 0 0 0 0 0 0 0 1 0 0 0 0 0 0 0 0 1 0
11 3 0 0 0 0 0 0 1 0 0 0 0 0 0 0 0 0 1 0 0
12 3 0 0 0 0 0 0 1 0 0 0 0 0 0 0 0 0 1 0 0
13 3 0 0 0 0 0 1 0 0 0 0 0 0 0 0 0 0 0 0 0
14 4 0 0 0 0 0 0 0 0 1 0 0 0 0 0 1 0 0 0 0
15 2 0 0 0 0 0 0 0 0 1 0 0 0 0 0 0 0 0 0 0
16 3 0 0 0 0 0 1 0 0 0 0 0 0 0 0 1 0 0 0 0
17 2 0 1 0 0 0 1 1 0 0 0 0 1 0 0 0 0 1 0 0
18 3 0 0 0 0 0 0 0 0 1 0 0 0 0 0 0 0 0 0 0
19 3 0 0 0 0 0 0 0 0 1 0 0 0 0 0 0 0 0 0 0
20 3 0 0 0 0 0 0 0 0 1 0 0 0 0 0 1 0 0 0 0
21 2 0 1 1 0 0 1 0 0 0 0 0 0 1 0 0 0 1 0 0
22 2 0 1 0 0 0 0 0 0 1 0 0 0 0 0 0 0 0 1 0
23 2 0 0 0 0 0 0 0 0 1 0 0 0 0 0 0 0 1 0 0
24 2 0 1 1 0 0 0 1 0 0 0 0 0 0 0 0 0 0 0 0
25 2 0 0 0 0 0 1 0 0 0 0 0 0 0 0 0 0 0 0 0
26 3 0 0 0 0 0 1 0 0 0 0 0 0 0 0 0 0 0 0 0
27 3 0 1 0 0 0 0 0 0 0 0 0 0 0 0 0 0 0 0 0
28 3 0 1 0 0 0 0 0 0 1 0 0 0 0 0 0 0 1 0 0
29 3 0 1 1 0 0 1 1 0 0 0 0 0 0 0 0 0 0 0 0
30 31 0 0 0 0 0 0 0 0 1 0 0 0 0 0 0 0 0 0 0
31 3 0 0 0 0 0 0 0 0 1 0 0 0 0 0 0 0 1 1 0
32 4 0 0 0 0 0 0 0 1 0 0 0 0 0 0 0 0 0 0 0
33 3 0 1 0 0 0 0 0 0 0 0 0 0 0 0 1 0 1 0 0
34 3 0 0 0 0 0 1 0 0 1 0 0 0 0 0 0 0 0 0 0
35 3 0 0 1 0 1 0 0 0 1 0 0 0 0 0 0 0 0 0 0
36 3 0 0 0 0 0 0 0 0 1 0 0 0 0 0 1 0 0 0 0
37 4 0 0 0 0 0 0 0 0 1 0 0 0 0 0 0 0 0 0 0
38 3 0 0 0 0 0 0 0 0 0 0 0 0 0 0 0 1 1 0 0
39 3 0 1 0 0 0 0 1 0 0 0 0 0 0 0 0 1 0 0 0
40 3 0 0 0 0 0 1 0 0 0 0 0 0 0 0 0 0 0 0 0
41 3 0 0 0 0 0 1 0 0 0 0 0 0 0 0 0 0 0 0 0
42 4 0 0 0 0 0 1 0 0 0 0 0 0 0 0 0 0 0 0 0
43 4 0 0 0 0 0 0 0 0 1 0 0 0 0 0 0 0 1 0 0
44 4 0 0 0 0 0 0 0 0 1 0 0 0 0 0 0 0 1 0 0
45 4 0 0 0 0 0 1 0 0 1 0 0 0 0 0 0 0 0 0 0
46 4 0 0 0 0 0 0 0 0 1 0 0 0 0 0 0 0 0 0 0
47 4 0 0 0 0 0 1 0 0 1 0 0 0 0 0 0 0 0 0 0
48 4 0 0 0 0 0 0 0 1 0 0 0 0 0 0 0 0 0 0 0
49 4 0 0 0 0 0 1 0 0 0 0 0 0 0 0 1 0 0 0 0
50 21 0 1 1 0 0 0 0 0 0 0 0 0 0 0 1 1 0 1 0
51 4 0 0 0 0 0 0 0 0 1 0 0 0 0 0 1 0 0 1 1
52 4 0 0 0 0 0 0 0 0 1 0 0 0 0 0 0 0 0 0 0
53 4 0 1 0 0 0 0 0 0 0 0 0 0 0 0 0 0 1 0 0
54 3 0 1 0 0 0 0 0 0 1 0 0 0 0 0 0 0 1 0 0
55 4 0 0 0 0 0 0 1 0 1 0 0 0 0 0 1 0 1 0 0
56 4 0 0 0 0 0 0 1 0 1 0 0 0 0 0 0 0 0 0 0
57 4 0 0 0 0 0 0 0 0 1 0 0 0 0 0 0 0 0 0 0
58 4 0 0 0 0 0 0 0 0 1 0 0 0 0 0 0 0 0 0 0
59 4 0 0 0 0 0 0 0 0 1 0 0 0 0 0 0 0 0 0 0
60 5 0 0 0 0 0 0 0 0 1 0 0 0 0 0 0 0 0 0 0
61 4 0 0 0 0 0 0 0 0 1 0 0 0 0 0 0 0 0 0 0
62 4 0 1 1 0 0 0 0 0 0 0 0 0 0 0 0 1 0 0 0
63 4 0 0 0 0 1 1 0 0 0 0 0 0 0 0 0 0 0 0 0
64 4 0 0 0 0 0 0 0 0 1 0 0 0 0 0 0 0 0 0 0
65 5 0 0 0 0 0 1 0 0 1 0 0 0 0 0 0 0 0 0 0
66 3 0 0 0 0 0 1 0 0 0 0 0 0 0 0 1 0 0 0 0
67 4 0 0 0 0 0 1 0 0 0 0 0 0 0 0 0 0 0 0 0
68 4 0 1 0 0 0 0 0 0 0 0 0 0 0 0 1 0 1 0 0
69 4 0 0 0 0 0 1 0 0 0 0 0 0 0 0 1 0 0 1 0
70 4 0 0 0 0 0 1 0 0 0 0 0 0 0 0 1 0 0 0 0
71 4 0 0 0 1 1 0 0 0 0 0 0 0 1 0 0 0 0 0 0
72 4 0 0 0 0 0 1 1 0 0 1 0 0 0 0 0 0 0 0 0
73 4 0 1 0 0 0 1 0 0 0 0 0 0 0 0 0 0 0 0 1
74 33 0 1 0 0 0 1 0 0 1 0 0 0 0 0 0 0 0 0 0
75 4 0 0 0 0 0 0 0 1 0 0 0 0 0 0 0 0 0 0 0
76 5 0 0 0 0 0 0 1 0 1 0 0 0 0 0 0 0 0 0 0
77 5 0 0 0 0 0 0 0 0 1 0 0 0 0 0 0 0 1 0 0
78 5 0 0 1 0 1 0 0 0 1 0 0 0 0 0 0 0 0 0 0
79 5 0 1 0 0 0 0 0 0 0 0 0 0 0 0 0 0 1 0 0
80 5 0 1 0 0 0 1 0 0 0 0 0 0 0 0 0 0 0 1 0
81 4 0 0 0 0 0 1 0 0 0 0 0 0 0 0 1 0 0 0 0
82 5 0 1 1 0 0 0 0 0 0 0 0 0 0 0 0 1 0 0 0
83 5 0 0 0 0 0 1 0 0 0 0 0 0 0 0 1 0 0 0 0
84 4 0 0 0 0 0 0 0 0 0 0 0 1 0 0 0 1 0 0 0
85 4 0 0 0 0 0 1 0 0 0 0 0 0 0 0 0 0 0 0 0
86 5 0 0 0 0 0 0 0 0 1 0 0 0 0 0 0 0 0 0 0
87 5 0 0 0 0 0 0 0 0 1 0 0 0 0 0 0 0 0 0 0
88 5 0 0 0 0 0 1 0 0 0 0 0 0 0 0 1 0 0 0 0
89 16 0 0 0 0 0 0 0 0 0 0 1 0 0 0 0 1 0 0 0
90 5 0 0 0 0 0 1 0 0 0 0 0 0 0 0 1 0 1 0 0
91 5 0 0 0 0 1 1 0 0 0 0 0 0 1 0 0 0 0 0 0
92 5 0 1 0 0 0 0 1 0 0 0 0 0 0 0 1 0 0 0 0
93 2 0 0 0 0 0 1 0 0 1 0 0 0 0 0 0 0 0 0 0
94 8 0 0 0 0 1 1 0 0 0 0 0 0 0 0 0 0 0 0 0
95 6 0 0 0 1 1 1 0 0 0 0 0 0 1 0 0 0 0 0 0
96 7 0 1 0 0 0 0 0 0 0 0 0 0 0 0 0 1 1 0 0
97 8 0 0 1 0 0 0 0 0 1 0 0 0 0 0 0 0 0 0 1
98 7 0 0 0 0 0 0 0 0 1 0 0 0 0 0 0 0 1 0 0
99 61 0 0 0 1 1 0 0 0 0 0 0 0 1 0 0 0 0 0 0
100 1 0 0 0 0 0 0 1 0 1 0 0 0 0 0 0 0 1 0 0
101 17 0 1 1 1 0 0 0 0 0 0 0 1 0 0 0 1 0 0 0
102 28 0 0 0 1 1 0 0 0 0 0 0 0 0 0 0 0 0 0 0
103 2 0 0 0 1 1 0 0 0 0 0 0 0 1 0 0 0 0 0 0
104 2 0 0 0 0 0 1 0 0 0 0 0 0 0 0 0 0 0 0 0
105 2 0 0 0 0 0 1 0 0 0 0 0 0 0 0 0 0 0 0 0
106 2 0 0 0 0 0 0 0 0 1 0 0 0 0 0 0 0 1 0 0
107 2 0 0 0 0 0 0 0 0 1 0 0 0 0 0 0 0 0 0 0
108 2 0 0 0 0 0 1 0 0 0 0 0 0 0 0 0 0 0 0 0
109 2 0 0 0 0 0 1 0 0 0 0 0 0 0 0 0 1 0 0 0
110 3 0 1 1 0 0 1 0 0 0 0 0 0 0 0 0 0 0 1 0
111 2 0 0 0 0 0 1 0 0 0 0 0 0 0 0 1 0 0 0 0
112 2 0 0 1 0 1 0 0 0 0 0 0 0 0 0 0 0 0 0 0
113 2 0 0 0 0 0 0 0 0 1 0 0 0 0 0 0 0 0 0 0
114 2 0 0 0 1 0 0 0 0 0 0 0 0 0 0 0 0 0 0 0
115 2 0 0 0 0 0 0 0 1 0 0 0 0 0 0 0 0 0 0 0
116 2 0 0 0 0 0 1 0 0 0 0 0 0 0 0 0 0 0 0 0
117 2 0 1 1 0 0 0 0 0 0 0 0 0 0 0 0 0 1 0 0
118 2 0 1 1 0 0 0 0 0 0 0 0 0 0 0 0 0 1 0 0
119 4 0 0 0 0 0 0 0 1 0 0 0 0 0 0 0 0 0 0 0
120 2 0 0 0 0 0 1 1 0 0 0 0 0 0 0 0 0 0 0 0
121 2 0 1 0 0 0 0 0 0 0 0 0 0 0 0 0 1 0 1 0
122 2 0 0 0 0 0 1 0 0 0 0 0 0 0 0 0 0 0 0 0
123 2 0 0 0 0 0 1 0 0 0 0 0 1 0 0 0 0 0 0 0
124 2 0 0 0 0 0 0 0 0 1 0 0 0 0 1 0 0 0 0 0
125 2 0 0 0 0 0 0 0 0 1 0 0 0 0 0 1 0 0 0 0
126 2 0 0 0 0 0 0 0 0 1 0 0 0 0 0 0 0 0 0 0
127 26 0 1 0 0 0 0 1 0 1 0 0 0 0 0 0 0 0 0 0
128 2 0 1 0 0 0 0 0 0 0 0 0 0 0 0 0 0 1 0 0
129 2 0 0 0 0 0 0 1 0 1 0 0 0 0 0 1 0 1 0 0
130 2 0 0 0 0 0 0 1 0 0 0 0 0 0 0 0 0 0 0 0
131 37 0 0 0 0 0 0 0 0 1 0 0 0 0 0 1 0 0 0 0
132 59 0 0 1 0 1 0 0 0 1 0 0 0 1 0 0 0 0 0 0
133 59 0 0 0 0 0 0 0 0 1 0 0 0 0 0 1 0 0 1 0
134 57 0 0 0 0 0 0 0 0 1 0 0 0 0 0 0 0 0 0 0
135 30 0 0 0 0 0 0 0 0 1 0 0 0 0 1 0 1 1 0 0
136 59 0 0 0 0 0 0 0 0 1 0 0 0 0 0 0 0 0 0 0
137 2 0 0 0 0 0 0 0 0 1 0 0 0 0 0 0 0 0 0 0
138 2 0 0 0 0 1 1 0 0 0 0 0 0 0 0 0 0 0 0 0
139 29 0 0 0 0 1 1 0 0 0 0 0 0 0 0 0 0 0 0 0
140 5 0 0 1 0 1 0 0 0 0 0 0 0 0 0 0 0 0 0 0
141 44 0 0 1 0 1 0 0 0 0 1 0 0 0 0 0 1 0 0 0
142 27 0 0 1 0 1 0 0 0 0 0 0 0 1 0 0 0 0 0 0
143 33 0 0 0 0 0 0 0 0 0 0 0 0 1 0 0 0 0 0 0
144 10 0 1 0 0 0 0 0 0 0 0 0 0 0 0 0 0 1 0 0
145 6 0 1 0 0 0 0 0 0 0 0 0 0 0 0 0 1 1 0 0
146 2 0 0 0 0 0 0 0 0 1 0 0 0 0 0 0 0 0 0 0
147 2 0 1 0 0 0 0 0 0 0 0 0 0 0 0 0 0 1 0 0
148 2 0 1 1 0 0 0 0 0 0 0 0 0 0 0 0 0 0 0 0
149 2 0 0 0 0 0 0 0 0 1 0 0 0 0 0 0 0 0 0 0
150 2 0 0 0 0 0 1 0 0 1 0 0 0 0 0 0 0 0 0 0
151 27 0 0 1 0 1 1 0 0 0 0 0 0 0 0 0 0 0 0 0
152 25 0 0 0 0 0 1 0 0 0 0 0 0 0 0 0 1 0 0 0
153 10 0 0 0 0 0 1 0 0 0 0 0 0 0 0 0 0 0 0 0
154 19 0 0 0 0 0 1 0 0 0 0 0 0 0 0 0 0 0 0 0
155 11 0 0 0 0 0 0 0 0 0 0 0 0 1 0 1 0 0 0 0
156 6 0 0 0 0 0 0 1 0 0 0 0 0 0 0 0 0 1 0 0
157 12 0 0 0 0 0 0 0 0 1 0 0 0 0 0 0 0 0 1 0
158 9 0 0 0 0 0 1 0 0 0 0 0 0 0 0 0 0 0 0 0
159 6 0 0 0 0 0 0 0 0 0 0 0 0 0 1 0 0 1 0 0
160 6 0 0 0 0 0 0 0 0 1 0 0 0 0 0 0 0 0 0 0
161 12 0 1 0 0 0 0 0 0 0 0 0 0 0 0 1 0 0 0 0
162 17 0 0 0 0 0 0 0 0 1 0 0 0 0 0 0 0 0 0 0
163 24 0 0 0 0 0 1 0 0 0 0 0 0 0 0 0 0 0 0 0
164 9 0 1 1 0 0 0 0 0 0 0 0 0 0 0 0 1 1 0 0
165 12 0 0 0 0 0 0 0 0 1 0 0 0 0 0 0 0 0 0 0
166 12 0 0 0 0 0 0 0 0 1 0 0 0 0 0 0 0 0 0 0
167 18 0 0 0 0 0 1 0 0 0 0 0 0 0 0 0 0 0 0 0
168 24 0 0 0 0 0 1 0 0 0 0 0 0 0 0 0 0 0 0 0
169 5 0 0 0 1 0 1 0 0 0 0 0 0 0 0 0 0 0 0 0
170 10 0 0 0 0 0 1 0 0 1 0 0 0 0 0 1 0 0 0 0
171 7 0 0 0 0 0 1 0 0 0 0 0 0 0 0 0 1 0 0 0
172 18 0 1 1 0 0 0 0 0 1 0 0 0 0 0 1 1 0 1 0
173 11 0 1 1 0 0 1 0 0 0 0 0 0 0 0 1 0 0 0 0
174 17 0 1 1 0 0 0 0 0 0 0 0 0 0 0 0 0 0 0 0
175 13 0 0 0 0 0 0 0 0 0 0 0 0 0 0 0 1 0 0 0
176 12 0 1 0 0 0 0 0 0 0 0 0 0 0 0 0 1 1 1 0
177 32 0 1 0 0 0 0 0 0 0 0 0 0 0 0 0 0 0 0 1
178 41 0 0 0 0 0 0 0 0 1 0 0 0 0 0 0 0 0 0 0
179 27 0 0 0 0 0 0 0 0 0 0 0 0 0 0 0 1 0 0 0
180 19 0 0 0 0 0 0 0 0 1 0 0 0 0 0 0 0 0 1 0
181 1 0 1 1 0 0 0 0 0 0 0 0 0 0 0 1 1 0 1 0
182 8 0 0 0 0 0 0 1 0 1 0 0 0 0 0 0 0 0 0 0
183 19 0 1 0 0 0 0 0 0 0 0 0 1 0 0 0 1 1 0 0
184 5 0 1 1 0 0 1 0 0 0 0 0 1 0 0 0 1 0 0 0
185 38 0 0 0 0 0 0 0 0 0 0 0 1 0 0 1 0 1 0 0
186 18 0 1 0 0 0 1 0 0 0 0 0 0 1 0 0 0 0 0 0
187 24 0 1 0 0 0 0 1 0 1 0 0 0 0 0 0 0 0 0 0
188 11 0 1 0 0 0 0 0 0 1 0 0 0 0 0 0 0 0 1 0
189 6 0 0 0 1 0 1 0 0 0 0 0 0 0 0 0 0 0 0 0
190 9 0 0 0 0 0 0 0 0 1 0 0 0 0 0 0 0 0 1 0
191 14 0 0 0 0 0 0 0 0 1 0 0 0 0 1 0 0 0 0 0
192 18 0 0 0 0 0 0 0 0 1 0 0 0 0 0 0 0 0 0 0
193 15 0 0 0 0 0 0 0 0 1 0 0 0 0 0 0 0 0 0 0
194 25 0 0 0 0 0 1 1 0 0 0 0 0 0 0 0 0 0 0 0
195 14 0 1 0 0 0 0 0 0 0 0 0 0 0 0 0 1 1 0 0
196 9 0 0 0 0 0 0 0 0 1 0 0 0 0 0 0 0 0 0 0
197 31 0 0 0 0 0 0 0 0 1 0 0 0 0 0 1 0 0 0 0
198 8 0 0 0 0 0 0 0 0 0 0 0 0 0 0 0 0 1 0 0
199 41 0 0 0 0 0 0 0 0 1 0 0 0 0 0 0 0 0 1 0
200 18 0 0 0 0 0 0 0 0 0 0 0 1 0 0 0 0 0 0 0
201 11 0 1 1 0 0 1 0 0 0 0 0 1 0 0 0 0 0 0 0
202 5 0 0 0 0 0 1 0 0 0 0 0 0 0 0 1 0 0 0 0
203 6 0 0 0 0 0 0 0 0 0 0 0 0 0 0 0 0 0 0 1
204 13 0 0 0 0 0 1 0 0 0 0 0 0 0 0 0 1 0 0 0
205 28 0 0 0 0 0 0 0 0 1 0 0 0 0 0 0 0 0 1 0
206 10 0 0 1 1 0 0 0 0 0 0 0 0 0 0 0 1 1 0 0
207 8 0 1 0 0 0 0 0 0 1 0 0 0 0 0 1 0 0 0 0
208 24 0 0 0 0 0 1 0 0 0 0 0 1 0 0 0 0 0 0 0
209 14 0 0 0 0 0 1 0 0 1 0 0 0 1 0 0 0 0 0 0
210 9 0 1 1 0 0 0 0 0 0 0 0 0 0 0 0 0 0 0 0
211 28 0 0 0 0 0 1 0 0 0 0 0 0 0 0 0 0 0 1 0
212 10 0 0 0 0 0 0 0 0 1 0 0 0 0 0 0 0 0 0 0
213 12 0 0 0 0 0 0 0 0 1 0 0 0 0 0 1 0 0 0 0
214 16 0 0 0 0 0 0 0 0 1 0 0 0 1 0 0 0 0 1 0
215 9 0 0 0 0 0 0 0 0 1 0 0 0 0 0 0 0 0 0 0
216 9 0 0 0 0 0 1 0 0 0 0 0 0 0 0 1 0 0 0 0
217 6 0 0 0 0 0 0 0 0 0 0 0 1 0 0 1 0 0 0 0
218 7 0 0 0 0 0 0 0 0 0 0 0 0 0 0 0 0 1 0 0
219 14 0 0 0 0 0 0 0 0 0 0 0 1 0 0 0 0 0 0 0
220 2 0 0 0 0 0 1 0 0 0 0 0 0 0 0 1 0 0 0 0
221 2 0 0 0 0 0 0 0 0 1 0 0 0 0 0 0 0 0 0 0
222 2 0 1 1 0 0 0 0 0 0 0 0 0 0 0 0 1 0 0 0
223 2 0 0 0 0 0 0 0 0 1 0 0 0 0 0 0 0 1 0 0
224 2 0 0 0 0 0 0 0 0 1 0 0 0 0 0 0 0 0 0 0
225 2 0 0 0 0 1 1 0 0 0 0 0 0 0 0 0 0 0 0 0
226 8 0 1 0 0 0 0 0 0 0 0 0 0 0 0 0 0 1 0 0
227 7 0 1 1 0 0 0 0 0 0 0 0 0 0 0 0 1 0 0 0
228 16 0 1 1 0 0 0 0 0 0 0 0 0 0 0 0 1 0 0 0
229 14 0 1 1 0 0 0 0 0 0 0 0 0 0 0 0 1 0 0 0
230 12 0 1 1 0 0 0 0 0 0 0 0 0 0 0 0 1 0 0 0
231 6 0 1 1 0 0 1 1 0 0 0 0 0 0 0 0 0 0 0 0
232 10 0 1 0 0 0 1 0 0 0 0 0 0 0 0 0 0 0 0 1
233 6 0 1 0 0 0 0 0 0 0 0 0 0 0 0 0 0 0 0 0
234 23 0 1 0 0 0 0 0 0 0 0 0 1 0 0 0 0 0 0 0
235 2 0 1 0 0 0 1 0 0 0 0 0 0 0 0 0 1 0 1 0
236 2 0 0 0 0 0 1 0 0 1 0 0 0 0 0 0 0 0 0 0
237 2 0 0 0 0 0 0 0 0 1 0 0 0 0 0 1 0 0 0 0
238 11 0 0 0 0 0 1 0 0 0 0 0 0 0 0 0 0 0 0 0
239 6 0 0 0 0 0 0 1 0 1 0 0 0 0 0 0 1 0 0 0
240 2 0 0 0 1 0 1 0 0 0 0 0 0 0 0 0 0 0 0 0
241 6 0 1 0 0 0 0 0 0 0 0 0 0 0 0 1 0 0 1 0
242 1 0 0 0 0 0 1 0 0 0 0 0 0 0 0 0 0 0 0 0
243 1 0 0 0 0 1 1 0 0 0 0 0 0 0 0 0 0 0 0 0
244 1 0 1 0 0 0 0 0 0 1 0 0 0 0 0 0 0 1 0 0
245 1 0 1 0 0 0 0 0 0 1 0 0 0 0 0 0 0 1 1 0
246 1 0 0 0 0 0 0 0 0 1 0 0 0 0 0 1 0 0 0 0
247 1 0 1 1 0 1 0 0 0 0 0 0 0 0 0 0 0 0 0 0
248 1 0 0 0 0 0 1 1 0 0 0 0 0 0 0 0 0 0 0 0
249 1 0 0 0 0 0 1 0 0 0 0 0 0 0 0 0 0 0 0 0
250 1 0 1 0 0 0 0 0 0 0 0 0 0 0 0 0 1 0 0 0
251 1 0 0 0 0 0 1 0 0 0 0 0 0 0 0 0 0 0 0 0
252 1 0 1 1 0 0 0 0 0 0 0 0 0 0 0 0 1 1 0 0
253 1 0 0 0 0 0 0 0 0 1 0 0 0 0 0 1 0 0 0 0
254 1 0 1 1 0 0 0 1 0 0 0 0 0 0 0 0 0 0 0 0
255 1 0 0 0 0 0 1 0 0 0 0 0 0 0 0 1 0 0 0 0
256 1 0 0 0 0 0 1 0 0 0 0 0 0 0 0 1 0 0 0 0
257 1 0 1 1 0 0 1 0 0 0 0 0 0 0 0 0 1 0 0 0
258 1 0 0 0 0 0 0 0 0 1 0 0 0 0 0 0 1 0 0 0
259 1 0 0 0 0 1 1 0 0 0 0 0 0 0 0 0 0 0 0 0
260 1 0 1 0 0 0 0 0 0 0 0 0 0 0 1 0 1 1 0 0
261 1 0 0 0 0 1 1 0 0 0 0 0 0 0 0 0 0 0 0 0
262 1 0 0 0 0 0 0 0 0 1 0 0 0 0 0 0 0 0 0 0
263 1 0 1 0 0 0 0 0 0 0 0 0 0 0 0 0 0 0 0 0
264 1 0 0 0 0 0 0 0 0 0 0 0 0 0 0 0 1 1 0 0
265 8 0 1 0 0 0 0 0 0 0 0 0 0 0 0 0 0 1 0 0
266 1 0 1 1 0 0 0 0 0 0 0 0 0 0 0 0 0 0 0 0
267 1999 1 0 0 0 0 0 0 0 0 0 0 0 0 0 0 0 0 0 0
268 1 0 0 0 0 0 0 0 0 1 0 0 0 0 0 1 0 0 0 0
269 1 0 0 0 0 0 1 0 0 0 0 0 0 0 0 0 0 0 0 0
270 1 0 0 0 0 0 0 0 0 1 0 0 0 0 0 0 1 1 0 0
271 1 0 1 1 0 0 0 0 0 0 0 0 0 0 0 0 1 0 1 0
272 1 0 0 0 0 0 0 0 0 1 0 0 0 0 0 0 0 0 0 0
273 3 0 1 0 0 0 0 1 0 0 0 0 0 0 0 0 0 1 0 0
274 3 0 0 0 0 0 1 0 0 0 0 0 0 0 0 1 0 0 0 0
275 3 0 0 0 0 0 0 0 0 1 0 0 0 0 0 1 0 0 0 0
276 3 0 0 0 0 0 0 0 0 1 0 0 0 0 0 1 0 0 0 0
277 3 0 0 0 0 0 0 0 0 1 0 0 0 0 0 0 0 0 0 0
278 2 0 0 0 0 0 0 0 0 1 0 0 0 0 0 1 0 0 0 0
279 3 0 0 0 0 0 0 0 0 1 0 0 0 0 0 0 0 0 0 0
280 2 0 0 0 0 0 0 0 0 1 0 0 0 0 0 1 0 0 0 0
281 4 0 1 0 0 0 0 0 0 0 0 0 0 0 0 0 0 1 0 0
282 2 0 0 0 0 0 0 0 0 1 0 0 0 0 0 0 0 0 0 0
283 2 0 0 0 0 0 0 0 0 1 0 0 0 0 0 1 0 0 0 0
284 2 0 0 0 0 0 1 0 0 0 0 0 0 0 0 1 0 0 0 0
285 2 0 0 0 0 0 0 0 0 1 0 0 0 0 0 0 0 0 0 0
286 2 0 0 0 0 0 0 0 0 1 0 0 0 0 0 1 0 0 1 0
287 2 0 0 0 0 0 0 0 0 1 0 0 0 0 0 0 0 0 0 0
288 2 0 0 0 0 0 0 0 0 0 0 0 1 0 0 0 0 1 0 0
289 2 0 0 0 0 0 0 0 0 1 0 0 0 1 0 0 0 0 0 0
290 1 0 0 0 0 0 1 0 0 0 0 0 0 0 0 0 0 0 0 0
291 1 0 0 0 0 0 0 0 0 0 0 0 0 0 1 0 0 1 0 0
292 1 0 0 0 0 0 0 0 0 1 0 0 0 0 0 0 0 0 0 0
293 1 0 0 0 0 0 0 1 0 1 0 0 0 0 0 0 0 0 0 0
294 1 0 0 0 0 0 1 0 0 0 0 0 0 0 0 0 0 0 0 0
295 1 0 1 0 0 0 0 0 0 0 0 0 0 0 0 0 0 1 0 0
296 1 0 0 0 0 0 0 0 0 1 0 0 0 0 0 0 0 0 0 0
297 1 0 0 0 0 0 0 0 0 1 0 0 0 0 0 0 0 0 0 0
298 1 0 1 0 0 0 0 0 0 0 0 0 0 0 0 0 1 1 0 0
299 1 0 0 0 0 0 0 1 0 1 0 1 0 0 0 0 0 0 0 0
300 1 0 1 0 0 0 0 0 0 0 0 0 0 0 0 0 0 1 0 0
301 1 0 0 0 0 0 1 0 0 0 0 0 0 0 0 0 0 0 0 0
302 1 0 0 0 0 0 0 1 0 0 0 1 0 0 1 0 0 1 0 0
303 1 0 0 0 0 0 0 0 0 1 0 0 0 0 0 0 0 0 0 0
304 2 0 0 1 0 1 0 0 0 0 0 0 0 0 0 0 0 0 0 0
305 1 0 0 0 0 0 0 0 0 1 0 0 0 0 0 0 0 0 0 0
306 1 0 0 0 0 0 0 0 0 1 0 0 0 0 0 1 0 0 0 0
307 1 0 0 0 0 0 0 1 0 0 0 0 1 0 1 0 0 1 0 0
308 1 0 0 0 0 1 0 0 0 1 1 0 0 0 0 0 0 0 0 0
309 1 0 0 0 0 0 0 1 0 0 0 0 0 0 0 0 0 0 0 0
310 1 0 0 0 0 0 0 0 0 1 0 0 0 0 0 0 0 0 0 0
311 1 0 0 0 0 0 0 0 0 1 0 0 0 0 0 1 0 1 0 0
312 1 0 0 0 0 0 1 1 0 1 0 0 0 0 1 0 0 0 0 0
313 1 0 1 0 0 0 0 0 0 1 0 0 0 0 0 1 0 0 0 0
314 1 0 1 0 0 1 0 0 0 0 0 0 0 0 0 0 0 0 0 0
315 0 0 0 0 0 0 0 0 0 1 0 0 0 0 0 0 0 1 0 0
316 1 0 0 0 0 0 1 0 0 1 0 0 0 0 0 0 0 0 0 0
317 5 0 0 0 0 0 0 0 0 1 0 0 0 0 0 0 0 0 0 0
318 5 0 0 0 0 0 0 0 0 1 0 0 0 0 0 0 0 0 1 0
319 2 0 0 0 0 0 1 0 0 0 0 0 0 1 0 1 0 0 0 0
320 2 0 0 0 0 0 0 0 1 0 0 0 0 0 0 0 0 0 0 0
321 2 0 0 0 0 0 1 0 0 0 0 0 0 0 0 0 0 0 0 0
322 1 0 0 0 0 0 0 0 0 0 0 0 0 0 1 0 0 1 0 0
323 1 0 1 0 0 0 0 0 0 0 0 0 0 0 0 0 0 1 0 0
324 1 0 0 0 0 0 0 0 0 0 0 0 0 0 1 0 0 0 0 0
325 1 0 0 0 0 0 0 0 0 1 0 0 0 0 0 0 0 1 0 0
326 1 0 1 0 0 0 0 0 0 1 0 0 0 0 0 0 0 0 1 0
327 1 0 0 0 0 0 0 1 0 1 0 0 0 0 1 0 0 0 0 0
328 1 0 1 0 0 0 0 0 0 0 0 0 0 0 1 1 0 1 0 0
329 0 0 0 0 0 0 0 1 0 1 0 0 0 0 0 0 0 1 0 0
330 1 0 0 0 0 0 0 0 0 1 0 0 0 0 0 0 0 0 0 0
331 1 0 0 1 0 0 0 0 0 0 0 0 0 0 0 0 0 1 0 0
332 1 0 0 0 0 0 0 1 0 1 0 0 0 0 0 0 0 1 0 0
333 1 0 0 0 0 0 0 0 0 0 0 0 0 0 1 0 0 1 0 0
334 1 0 1 0 0 0 0 1 0 0 0 0 0 0 1 0 0 0 0 0
335 1 0 0 0 0 0 1 0 0 0 0 0 0 0 0 0 0 0 0 0
336 1 0 0 0 0 0 0 1 0 0 0 0 0 0 0 0 0 1 0 0
337 1 0 0 0 0 0 1 0 0 1 0 0 0 0 0 0 0 1 0 0
338 1 0 0 0 0 0 1 0 0 0 0 0 0 0 0 0 0 0 0 0
339 1 0 1 0 0 0 0 0 0 1 0 0 0 0 0 0 0 0 0 0
340 1 0 0 0 0 0 0 0 0 1 0 0 0 0 0 0 0 0 0 0
341 1 0 0 0 0 0 1 0 0 0 0 0 0 0 0 0 0 0 0 0
342 1 0 0 0 0 0 1 0 0 0 0 0 0 0 1 0 0 0 0 0
343 1 0 1 0 0 0 0 0 0 0 0 0 1 0 0 0 1 0 0 0
344 1 0 0 0 0 0 0 0 0 1 0 0 0 0 0 0 0 0 0 0
345 1 0 0 0 0 0 1 0 0 1 0 0 0 0 0 0 0 0 0 0
346 1 0 0 0 0 0 0 1 0 1 0 0 0 0 0 0 0 0 0 0
347 0 0 0 0 0 0 1 0 0 1 0 0 0 0 0 0 0 0 0 0
348 0 0 0 0 0 0 0 1 0 1 0 0 0 0 0 0 0 1 0 0
349 0 0 1 0 0 0 0 0 0 0 0 0 0 0 0 0 0 1 0 0
350 0 0 1 0 0 0 0 0 0 0 0 0 0 0 1 0 0 1 0 0
351 0 0 0 0 0 0 0 0 0 0 0 0 1 0 0 0 0 0 0 0
352 1 0 0 0 0 0 1 0 0 0 0 0 0 1 0 0 0 0 0 0
353 0 0 1 0 0 0 0 0 0 0 0 0 1 0 0 0 1 0 0 0
354 0 0 0 0 0 0 1 0 0 0 0 0 0 0 0 1 0 0 0 0
355 0 0 0 1 0 0 0 0 0 0 0 0 0 0 0 0 1 1 0 0
356 4 0 0 0 0 0 0 0 0 1 0 0 0 0 1 0 0 1 0 0
357 23 0 0 0 0 0 0 0 0 1 0 0 0 0 0 0 0 0 0 0
358 1 0 1 1 0 0 0 0 0 0 0 0 0 0 0 0 1 1 0 0
359 1 0 0 0 0 0 0 0 0 0 0 0 0 0 0 0 0 1 0 0
360 1 0 0 0 0 0 0 0 1 0 0 0 0 0 0 0 0 0 0 0
361 1 0 0 0 0 0 0 1 0 0 0 0 0 0 0 0 0 1 0 0
362 0 0 1 0 0 0 1 0 0 0 0 0 0 1 0 0 0 0 0 0
363 3 0 1 0 0 0 0 0 0 0 0 0 0 0 0 0 0 0 0 0
364 3 0 0 0 0 0 1 0 0 0 0 0 0 0 0 0 0 0 0 0
365 3 0 0 0 0 0 0 0 0 1 0 0 0 0 0 0 0 0 0 0
366 3 0 0 0 0 0 0 0 0 1 0 0 0 0 0 0 0 0 0 0
367 3 0 0 0 0 0 1 0 0 0 0 0 0 0 0 0 0 0 0 0
368 2 0 0 0 0 0 1 0 0 0 0 0 0 0 0 0 0 0 0 0
369 2 0 0 0 0 0 1 0 0 0 0 0 0 0 0 0 0 0 0 0
370 2 0 0 0 0 0 0 0 0 1 0 0 0 0 0 0 0 1 0 0
371 2 0 0 0 0 0 0 0 0 1 0 0 0 0 0 1 0 0 0 0
372 3 0 0 0 0 0 1 0 0 0 0 0 0 0 0 0 0 0 0 0
373 3 0 1 1 0 0 0 0 0 0 0 0 0 0 0 0 1 0 0 0
374 3 0 1 0 0 1 0 0 0 0 0 0 0 0 0 0 0 0 0 0
375 3 0 0 0 0 0 0 0 0 1 0 0 0 0 0 0 0 0 0 0
376 4 0 0 0 0 0 1 0 0 0 0 0 0 0 0 0 0 0 0 0
377 4 0 0 0 0 1 1 0 0 0 0 0 0 0 0 0 0 0 0 0
378 4 0 0 0 0 0 0 0 0 1 0 0 0 0 0 0 0 0 0 0
379 3 0 0 0 0 0 0 0 0 0 0 0 1 0 0 0 0 0 0 0
380 4 0 1 1 0 0 0 0 0 0 0 0 0 0 0 0 1 0 0 0
381 4 0 0 0 0 0 1 0 0 0 0 0 0 0 0 1 0 0 0 0
382 4 0 0 0 0 0 1 0 0 1 0 0 0 0 0 0 0 0 0 0
383 4 0 0 0 0 1 1 0 0 0 0 0 0 0 0 0 0 0 0 0
384 4 0 0 0 0 0 1 0 0 0 0 0 0 0 0 0 0 0 0 0
385 4 0 1 1 0 0 1 0 0 0 0 0 0 0 0 1 0 0 0 0
386 5 0 0 0 0 0 1 0 0 0 0 0 0 0 0 0 0 0 0 0
387 5 0 0 0 0 0 0 0 0 1 0 0 0 0 0 0 0 0 0 0
388 4 0 1 0 0 0 1 0 0 0 0 0 0 0 0 0 0 0 0 0
389 4 0 0 1 0 1 0 0 0 0 0 0 0 0 0 0 0 0 0 0
390 5 0 0 0 0 0 1 0 0 0 0 0 0 0 0 0 0 0 0 0
391 5 0 1 0 0 0 1 0 0 0 0 0 0 0 0 0 0 0 0 0
392 5 0 0 0 0 0 0 0 0 1 0 0 0 0 0 0 0 0 0 0
393 5 0 0 0 0 0 1 0 0 0 0 0 0 0 0 0 0 0 0 0
394 4 0 0 0 0 0 1 0 0 0 0 0 0 0 1 1 0 0 0 0
395 5 0 0 0 0 0 1 0 0 0 0 0 0 0 0 0 0 0 0 0
396 4 0 0 0 0 0 1 1 0 0 0 0 1 0 0 0 0 0 0 0
397 5 0 1 0 0 0 0 0 0 0 0 0 0 0 0 0 0 0 0 0
398 5 0 1 1 0 1 0 0 0 0 0 0 0 0 0 0 1 0 0 0
399 5 0 1 1 0 0 1 0 0 0 0 0 0 0 0 0 0 0 0 0
400 4 0 0 0 0 1 1 0 0 0 0 0 0 0 0 0 0 0 0 0
401 3 0 0 0 0 0 1 0 0 0 0 0 0 0 0 0 0 0 0 0
402 8 0 0 0 0 0 1 0 0 0 0 0 0 0 0 1 0 1 0 0
403 9 0 1 1 0 0 0 1 0 1 0 0 0 0 0 0 0 0 0 0
404 58 0 0 0 1 1 0 0 0 0 0 0 0 0 0 0 0 0 0 0
405 2 0 1 1 0 0 0 0 0 0 0 0 0 0 1 0 0 0 0 0
406 2 0 0 0 0 0 0 0 0 0 0 0 1 0 0 0 0 1 0 0
407 2 0 0 0 0 0 1 0 0 0 0 0 0 0 0 0 0 0 0 0
408 2 0 0 0 1 0 1 0 0 0 0 0 0 0 0 0 0 1 0 0
409 2 0 0 0 0 0 1 0 0 1 0 0 0 0 0 0 0 0 0 0
410 2 0 0 0 0 0 1 0 0 0 0 0 0 0 0 0 0 0 0 0
411 2 0 0 0 0 0 1 0 0 0 1 0 0 0 0 1 1 0 0 0
412 2 0 0 0 0 0 1 0 0 0 0 0 0 0 0 0 0 0 0 0
413 2 0 0 0 0 0 0 0 0 0 0 0 1 0 0 0 0 0 0 0
414 16 0 0 0 0 0 1 0 0 0 0 0 0 0 0 0 0 0 0 0
415 23 0 0 0 0 1 1 0 0 0 0 0 0 0 0 0 0 0 0 1
416 41 0 0 0 0 1 0 0 0 1 0 0 0 0 0 0 0 0 0 0
417 37 0 0 0 0 1 0 0 0 1 0 0 0 0 0 0 0 0 0 0
418 48 0 0 0 1 1 0 0 0 0 0 0 0 1 0 0 0 0 0 0
419 34 0 0 0 0 1 1 0 0 0 0 0 0 1 0 0 0 0 0 0
420 47 0 0 0 1 1 0 0 0 0 0 0 0 1 0 0 0 0 0 0
421 2 0 0 0 0 0 0 0 0 1 0 0 0 0 0 1 0 0 0 0
422 2 0 0 0 1 1 1 0 0 0 0 0 0 0 0 0 0 0 0 0
423 16 0 0 0 0 1 0 0 0 1 1 0 0 0 0 0 1 0 0 0
424 2 0 0 0 0 0 0 0 0 0 0 0 1 0 0 0 0 0 0 0
425 6 0 0 0 0 0 1 0 0 0 0 0 0 0 0 0 0 0 0 0
426 12 0 1 0 1 1 0 0 0 0 0 0 0 0 0 0 1 1 1 0
427 36 0 0 0 0 0 0 0 0 1 0 0 0 0 0 0 0 0 0 0
428 27 0 0 0 0 0 1 0 0 0 0 0 0 0 0 0 0 0 0 0
429 47 0 0 0 0 0 0 0 0 1 0 0 0 0 0 0 1 0 0 0
430 65 0 0 0 0 0 1 0 0 0 0 0 0 0 0 0 0 0 1 0
431 12 0 1 1 0 0 0 0 0 0 0 0 0 0 0 0 0 0 0 0
432 58 0 0 0 1 1 0 0 0 0 0 0 0 1 0 0 0 0 0 0
433 9 0 0 0 0 0 1 0 0 0 0 0 0 0 0 0 0 0 0 0
434 42 0 0 0 0 0 0 0 0 0 0 0 0 0 0 0 1 0 0 0
435 29 0 1 0 0 0 1 0 0 0 0 0 0 0 0 0 0 0 0 1
436 17 0 0 0 0 0 0 0 0 0 0 0 1 0 0 0 0 0 0 0
437 6 0 0 0 0 0 0 0 0 0 0 0 1 0 0 0 0 0 0 0
438 15 0 0 0 0 0 0 0 0 0 0 0 1 0 0 0 0 0 0 0
439 5 0 0 0 0 0 0 0 0 0 0 0 1 0 0 0 0 0 0 0
440 16 0 0 0 0 0 0 0 0 0 0 0 1 0 0 0 0 0 0 0
441 19 0 0 0 0 0 0 0 0 0 0 0 1 0 0 0 0 0 0 0
442 8 0 0 0 0 0 0 0 0 0 0 0 1 0 0 0 0 0 0 0
443 35 0 0 0 0 0 0 0 0 0 0 0 1 0 0 0 0 0 0 0
444 40 0 0 0 0 0 0 0 0 0 0 0 1 0 0 0 1 0 0 0
445 53 0 0 0 0 0 0 0 0 0 0 0 1 0 0 0 0 0 0 0
446 22 0 0 0 0 0 0 0 0 0 0 0 1 0 0 0 0 0 0 0
447 22 0 0 0 0 0 0 0 0 0 0 0 1 0 0 0 0 0 0 0
448 22 0 0 0 0 0 0 0 0 0 0 0 1 0 0 0 0 0 0 0
449 19 0 1 1 0 0 0 0 0 0 0 0 0 0 0 0 1 0 0 0
450 9 0 1 1 0 0 0 0 0 0 0 0 0 0 0 0 1 0 0 0
451 20 0 0 0 0 0 1 0 0 0 0 0 0 1 0 1 0 0 0 0
452 20 0 1 0 0 0 0 0 0 0 0 0 1 0 0 0 0 0 0 0
453 15 0 1 0 0 0 0 0 0 0 0 0 1 0 0 0 0 0 0 0
454 2 0 0 0 0 0 0 0 0 1 0 0 0 0 0 0 0 0 0 0
455 1 0 1 0 0 0 0 0 0 0 0 0 0 0 0 0 0 0 0 0
456 1 0 1 0 0 0 1 0 0 0 0 0 0 0 0 0 0 0 0 0
457 1 0 0 1 0 1 0 0 0 1 0 0 0 0 0 0 0 0 0 0
458 3 0 0 0 0 0 0 0 0 1 0 0 0 0 0 0 0 0 0 0
459 3 0 0 0 0 0 0 0 0 1 0 0 0 0 0 0 0 0 0 0
460 3 0 0 0 0 0 0 0 0 1 0 0 0 0 0 0 0 0 0 0
461 3 0 0 0 0 0 0 0 0 1 0 0 0 0 0 0 0 0 0 0
462 6 0 0 0 0 0 0 0 0 1 0 0 0 0 0 1 0 0 0 0
463 4 0 0 1 0 0 0 0 0 0 0 0 0 0 0 0 0 0 0 0
464 4 0 0 0 0 0 0 0 0 1 0 0 0 0 0 0 0 0 0 0
465 4 0 0 1 0 1 0 0 0 0 0 0 0 0 0 1 0 0 0 0
466 6 0 0 0 0 0 0 0 0 0 0 0 0 0 0 0 0 1 0 0
467 5 0 0 0 0 0 0 0 0 1 0 0 0 0 0 0 0 0 0 0
468 5 0 0 0 0 0 0 0 0 1 0 0 0 0 0 0 0 0 0 0
469 5 0 0 0 0 0 0 0 0 1 0 0 0 0 0 0 0 0 0 0
470 5 0 0 0 0 0 0 0 0 0 0 0 0 0 0 0 0 0 0 1
471 2 0 0 0 0 0 0 0 0 1 0 0 0 0 0 0 0 0 1 0
472 2 0 1 1 0 0 0 0 0 0 1 0 0 0 0 0 0 0 0 0
473 2 0 0 0 1 1 0 0 0 0 0 0 0 1 0 0 0 0 0 0
474 35 0 0 0 0 0 0 0 0 0 0 0 0 0 0 0 1 0 1 0
475 2 0 0 0 0 0 0 0 0 1 0 0 0 0 0 0 0 0 0 0
476 2 0 0 0 0 0 1 0 0 0 0 0 0 0 0 0 0 0 0 0
477 2 0 0 0 0 1 1 0 0 0 0 0 0 0 0 0 0 0 0 0
478 58 0 0 0 0 0 1 0 0 0 0 0 0 0 0 1 0 0 0 0
479 40 0 0 0 0 0 0 0 0 0 0 0 0 0 1 0 0 1 0 0
480 39 0 0 0 0 0 1 0 0 0 0 0 0 0 0 0 0 1 0 0
481 38 0 0 0 0 0 1 0 0 1 0 0 0 0 0 0 0 0 0 0
482 39 0 0 0 0 0 1 1 0 0 0 0 0 0 0 0 0 0 0 0
483 56 0 0 0 0 0 0 0 0 1 0 0 0 0 0 1 0 0 1 0
484 57 0 0 0 0 0 0 0 0 0 0 1 0 0 1 0 0 0 0 0
485 34 0 0 0 0 0 0 0 0 0 0 0 0 1 0 1 0 0 0 0
486 44 0 0 0 0 0 1 0 0 0 0 0 0 0 0 1 0 0 0 0
487 45 0 0 0 0 0 1 0 0 0 0 0 0 0 0 1 0 0 0 0
488 48 0 0 0 0 0 0 0 0 0 0 1 0 0 0 0 0 0 0 0
489 52 0 0 0 0 0 0 0 0 0 0 1 0 0 0 1 0 1 0 0
490 43 0 0 0 0 0 1 0 0 0 0 0 0 0 0 1 0 1 0 0
491 60 0 1 1 0 0 0 0 0 0 0 0 0 0 0 0 0 0 0 0
492 43 0 0 0 0 0 0 0 0 1 0 0 0 0 0 0 0 0 0 0
493 64 0 0 0 0 0 0 0 0 0 0 0 0 0 1 0 0 0 0 0
494 58 0 0 0 0 0 1 0 0 0 0 0 0 0 0 0 0 0 0 0
495 42 0 0 1 0 0 1 0 0 0 0 0 0 0 0 0 0 0 0 0
496 52 0 0 0 0 0 0 0 0 1 0 0 0 0 0 0 0 0 0 0
497 60 0 0 0 0 0 1 0 0 0 0 0 0 0 0 0 0 0 0 0
498 47 0 1 1 0 0 0 0 0 0 0 0 0 0 0 1 0 0 1 0
499 40 0 0 0 0 0 0 0 0 1 0 0 0 0 0 0 0 0 0 0
500 2 0 0 1 0 1 0 0 0 0 0 0 0 0 0 0 0 0 0 0
501 57 0 0 0 1 1 0 0 0 0 0 0 0 1 0 0 0 0 0 0
502 27 0 0 0 0 0 1 0 0 0 0 0 0 0 0 0 0 0 1 0
503 26 0 0 0 0 0 0 0 0 1 0 0 0 0 0 0 0 0 0 0
504 31 0 0 0 0 0 0 1 0 1 0 0 0 0 0 0 0 0 0 0
505 44 0 0 0 0 0 0 0 0 0 0 0 0 0 1 0 0 1 0 0
506 43 0 0 0 0 0 0 0 0 1 0 0 0 0 0 0 0 0 0 0
507 47 0 0 0 0 0 0 0 0 1 0 0 0 0 0 0 0 0 0 0
508 2 0 0 0 0 0 0 0 0 1 0 0 0 0 0 0 0 0 0 0
509 9 0 0 0 0 0 0 0 0 1 0 0 0 0 0 0 0 0 0 0
510 44 0 1 0 0 0 0 0 0 1 0 0 0 0 0 0 0 0 0 1
511 36 0 0 1 0 0 0 0 0 0 0 0 0 0 0 0 0 0 1 0
512 11 0 0 0 0 0 1 0 0 1 0 0 0 0 0 1 0 0 0 0
513 49 0 0 0 0 0 0 0 0 0 0 0 0 0 1 0 0 1 0 0
514 21 0 0 0 0 0 1 0 0 0 0 0 0 0 0 1 0 0 0 0
515 1 0 1 0 0 0 0 0 0 1 0 0 0 0 0 0 0 0 1 0
516 15 0 0 0 0 0 1 0 0 0 0 0 0 0 0 0 0 0 0 0
517 19 0 0 0 0 0 1 0 0 1 0 0 0 0 0 1 0 0 0 0
518 8 0 0 0 0 0 0 0 0 1 0 0 0 0 0 0 0 0 0 0
519 50 0 0 1 0 0 0 0 0 0 0 0 0 0 0 0 0 0 0 0
520 35 0 0 1 0 0 0 0 0 0 0 0 0 0 0 0 0 0 1 0
521 20 0 0 0 0 0 0 0 0 1 0 0 0 0 0 0 0 0 1 0
522 12 0 0 0 0 0 1 0 0 1 0 0 0 0 0 0 0 0 0 0
523 31 0 0 0 0 0 1 0 0 1 0 0 0 0 0 0 0 0 0 0
524 58 0 0 0 0 0 1 0 0 0 0 0 0 0 0 0 0 0 0 0
525 52 0 0 0 0 0 0 0 0 0 0 1 0 0 1 0 0 0 0 0
526 39 0 1 1 0 0 0 0 0 1 0 0 0 0 0 0 0 0 0 0
527 16 0 0 0 0 0 0 0 0 1 0 0 0 0 0 0 0 0 0 0
528 14 0 0 0 0 0 0 0 0 1 0 0 0 0 0 0 0 0 1 0
529 13 0 0 0 0 0 0 0 0 1 0 0 0 0 0 0 0 0 0 0
530 23 0 0 1 0 0 0 0 0 0 0 0 0 0 0 0 0 0 0 0
531 2 0 0 0 0 0 0 0 0 1 0 0 0 0 0 1 0 0 0 0
532 1 0 0 0 0 0 0 0 0 0 0 0 0 0 0 1 0 0 0 0
533 1 0 0 0 0 0 0 0 0 0 0 0 0 0 1 0 0 0 0 0
534 1 0 0 0 0 0 0 0 0 1 0 0 0 0 0 0 0 0 0 0
535 1 0 0 0 0 0 1 0 0 0 0 0 0 0 0 1 0 0 0 0
536 1 0 0 0 0 0 0 0 0 1 0 0 0 0 0 0 0 0 0 0
537 7 0 0 0 0 0 0 0 0 1 0 0 0 0 0 0 0 0 0 0
538 1 0 0 0 1 1 0 0 0 0 0 0 0 1 0 0 0 0 0 0
539 1 0 0 0 0 1 1 0 0 0 0 0 0 0 0 0 0 0 0 0
540 3 0 1 0 0 0 0 0 0 0 0 0 0 0 0 0 0 0 0 0
541 3 0 1 1 0 0 0 0 0 0 0 0 0 0 0 0 0 0 0 0
542 3 0 0 0 1 1 0 0 0 0 0 0 0 1 0 1 0 0 0 0
543 3 0 0 0 0 0 0 0 0 1 0 0 0 1 0 0 0 0 0 0
544 2 0 0 0 0 0 0 1 0 1 0 0 0 0 0 1 0 0 0 0
545 3 0 0 0 0 0 1 0 0 0 0 0 0 0 0 1 0 0 0 0
546 2 0 1 0 0 0 0 0 0 0 0 0 0 0 0 0 0 1 0 0
547 2 0 0 0 0 0 0 1 0 0 0 0 0 0 0 0 0 0 0 0
548 2 0 0 0 0 1 0 0 0 0 1 0 0 0 0 0 0 0 0 0
549 3 0 0 0 0 0 0 0 0 1 0 0 0 0 0 1 0 0 1 0
550 3 0 1 0 0 0 0 0 0 0 0 0 0 0 0 0 0 1 0 0
551 3 0 0 0 0 0 0 0 0 0 0 0 1 0 0 0 0 0 0 0
552 3 0 0 0 0 0 0 0 0 0 0 0 0 0 0 0 1 0 0 0
553 3 0 0 0 0 0 0 0 0 1 0 0 0 0 0 1 0 0 0 0
554 3 0 1 1 0 0 0 0 0 0 0 0 0 0 0 0 0 0 0 0
555 3 0 0 0 0 0 0 0 0 1 0 0 0 0 0 0 0 0 0 0
556 3 0 0 0 0 0 0 0 0 0 0 0 0 0 0 0 0 0 0 1
557 4 0 0 0 0 0 0 0 0 1 0 0 0 1 0 0 0 0 0 0
558 4 0 0 0 0 0 0 0 0 1 1 0 0 0 0 0 0 1 0 0
559 4 0 0 0 0 0 0 0 0 1 0 0 1 0 0 0 0 0 0 0
560 3 0 0 1 0 1 1 0 0 0 1 0 0 0 0 1 1 0 0 0
561 4 0 0 0 0 0 0 0 0 1 0 0 1 0 0 0 0 0 0 0
562 3 0 1 1 0 0 0 0 0 0 0 0 0 0 0 0 0 0 0 1
563 3 0 0 0 0 0 0 0 0 0 0 0 1 0 0 0 0 0 0 0
564 3 0 0 0 0 0 1 0 0 0 0 0 1 0 0 0 0 0 0 0
565 3 0 0 0 0 0 0 0 0 0 0 0 1 0 0 0 0 1 0 0
566 4 0 1 1 0 0 0 0 0 0 0 0 0 0 0 0 0 1 0 0
567 4 0 0 0 0 0 0 0 0 0 0 0 1 0 0 0 0 0 0 0
568 4 0 1 0 0 0 0 0 0 0 0 0 0 0 0 1 0 1 0 0
569 4 0 0 0 0 0 0 0 0 1 0 0 1 0 0 0 0 0 0 0
570 4 0 0 0 0 0 0 0 0 0 0 0 0 0 0 0 0 0 0 1
571 5 0 0 0 0 0 1 0 0 0 0 0 0 0 0 0 0 1 0 0
572 4 0 1 0 0 0 0 0 0 0 0 0 0 0 0 0 0 1 0 0
573 5 0 0 0 0 0 0 0 0 0 0 0 1 0 0 0 1 1 0 0
574 5 0 0 0 0 0 0 0 0 0 0 0 0 0 1 1 0 1 0 0
575 4 0 0 0 0 0 1 0 0 0 0 0 0 0 0 0 0 0 0 1
576 5 0 1 1 0 0 0 1 0 0 0 0 0 0 0 0 0 0 0 0
577 5 0 0 0 0 0 1 0 0 0 0 0 0 0 0 0 1 0 0 0
578 5 0 1 0 0 0 0 0 0 0 0 0 0 0 0 0 1 0 0 0
579 5 0 0 0 0 0 1 0 0 0 0 0 0 0 0 0 0 0 0 0
580 3 0 0 0 0 0 1 0 0 0 0 0 0 0 0 1 0 0 0 0
581 5 0 0 0 0 0 0 0 0 1 0 0 0 0 0 0 0 1 0 0
582 5 0 0 0 0 0 0 0 0 1 0 0 0 0 0 1 0 0 0 0
583 5 0 0 0 0 0 0 1 0 0 0 0 0 0 0 0 0 1 0 0
584 5 0 0 0 0 1 0 0 0 1 0 0 0 0 0 0 0 0 0 0
585 5 0 0 0 0 0 1 0 0 0 0 0 0 0 0 0 0 0 0 0
586 4 0 1 0 0 0 0 0 0 0 0 0 0 0 0 0 0 0 0 0
587 5 0 0 0 0 0 0 0 0 1 0 0 0 0 1 0 0 0 0 0
588 7 0 0 0 1 1 0 0 0 0 0 0 0 1 0 0 0 0 0 0
589 29 0 0 0 0 0 0 0 0 0 0 0 0 0 0 0 0 0 0 1
590 2 0 1 0 0 0 0 0 0 0 0 0 1 0 0 0 1 0 0 0
591 2 0 0 0 0 0 0 0 0 1 0 0 0 0 0 0 0 1 0 0
592 3 0 0 0 0 0 0 0 0 0 0 0 0 0 1 0 0 1 0 0
593 5 0 0 0 0 0 0 0 0 0 0 0 0 0 0 0 0 0 1 0
594 2 0 0 0 0 0 0 0 0 1 0 0 0 0 0 1 0 0 0 0
595 2 0 0 0 0 0 0 0 0 0 0 0 0 0 0 0 0 1 0 0
596 2 0 0 0 1 1 0 0 0 0 0 0 0 1 0 0 0 0 0 0
597 2 0 1 0 0 0 0 0 0 0 0 0 0 0 0 0 0 1 0 0
598 2 0 0 0 0 0 1 0 0 1 0 0 0 0 0 0 0 0 0 0
599 2 0 1 0 0 0 0 0 0 0 0 0 0 0 0 0 0 0 0 0
600 2 0 0 0 0 1 0 0 0 0 0 0 0 0 0 0 0 0 0 0
601 55 0 0 1 0 0 0 0 0 0 0 0 0 0 0 0 0 0 1 0
602 47 0 0 0 0 0 0 0 0 0 0 0 0 1 0 1 0 0 0 0
603 44 0 0 0 0 0 0 0 0 0 0 0 0 0 1 0 0 1 0 0
604 64 0 0 0 0 0 1 0 0 0 0 0 0 0 0 0 0 0 0 0
605 54 0 0 0 0 0 0 0 0 0 0 0 0 1 0 0 0 0 0 0
606 48 0 0 0 0 0 0 0 0 1 0 0 0 0 0 0 0 0 0 0
607 58 0 0 0 0 0 0 0 0 0 0 0 0 0 0 1 0 1 0 0
608 53 0 0 0 0 0 0 0 0 0 0 0 0 0 1 1 0 1 0 0
609 48 0 0 0 0 0 1 0 0 0 0 0 0 0 0 0 0 0 0 0
610 40 0 0 0 0 0 0 0 0 0 0 0 0 1 0 0 0 0 0 0
611 54 0 0 0 0 0 0 1 0 0 0 1 0 0 1 0 0 0 0 0
612 61 0 0 0 0 0 0 0 0 1 0 0 0 0 0 0 0 0 0 0
613 62 0 0 0 0 0 1 0 0 0 0 0 0 0 0 0 0 0 0 0
614 42 0 0 0 0 0 0 0 0 1 0 0 0 0 0 0 0 0 0 0
615 63 0 0 0 0 0 0 0 0 0 0 0 0 0 0 0 0 1 0 0
616 30 0 0 0 0 0 0 0 0 0 0 0 1 0 0 0 1 0 0 0
617 68 0 0 0 0 0 0 0 0 1 0 0 0 0 0 0 0 0 0 0
618 43 0 0 0 0 0 0 0 0 1 0 0 0 0 0 0 0 0 0 0
619 2 0 0 0 0 0 0 0 0 1 0 0 0 0 0 0 0 1 0 0
620 2 0 0 0 0 0 0 0 0 1 0 0 0 0 0 0 0 0 0 0
621 43 0 0 0 0 0 0 0 0 0 0 0 0 0 0 0 0 0 0 1
622 38 0 0 1 0 1 0 0 0 0 0 0 0 0 0 0 0 0 0 0
623 4 0 0 0 0 1 1 0 0 0 0 0 0 0 0 0 0 0 0 0
624 53 0 0 0 1 1 0 0 0 0 0 0 0 1 0 0 0 0 0 0
625 35 0 0 0 1 1 0 0 0 0 0 0 0 0 0 0 0 0 0 0
626 49 0 0 0 0 1 0 0 0 1 0 0 0 0 0 0 0 0 0 0
627 7 0 0 0 0 0 0 0 0 1 0 0 0 0 0 0 0 0 0 0
628 2 0 0 0 0 0 0 1 0 1 0 0 0 0 0 0 0 0 0 0
629 16 0 0 0 0 0 1 0 0 0 0 0 0 1 0 0 0 0 0 0
630 33 0 0 0 0 0 1 0 0 0 0 0 0 1 0 0 0 0 0 0
631 6 0 1 0 0 0 0 0 0 1 0 0 0 0 0 1 0 0 1 0
632 16 0 0 0 0 0 0 0 0 1 0 0 0 0 0 0 0 0 0 0
633 60 0 0 0 0 0 0 0 0 1 0 0 0 0 0 0 0 0 0 0
634 2 0 0 0 0 0 0 0 1 0 0 0 0 0 0 0 0 0 0 0
635 18 0 0 0 0 0 0 0 0 0 0 0 1 0 0 0 0 0 0 0
636 17 0 1 1 0 0 0 0 0 0 0 0 0 0 0 0 1 1 0 0
637 17 0 0 0 0 0 1 0 0 0 0 0 1 0 0 0 0 0 0 0
638 16 0 0 0 0 0 0 0 0 1 0 0 0 0 0 0 0 0 0 0
639 19 0 0 0 0 0 0 0 0 1 0 0 0 0 0 0 0 0 0 0
640 9 0 0 0 0 0 0 0 0 1 0 0 0 0 0 0 0 0 0 0
641 41 0 0 0 0 0 0 0 0 1 0 0 0 0 0 0 0 0 1 0
642 8 0 0 0 0 0 0 1 0 1 0 1 0 0 0 0 0 0 0 0
643 4 0 0 0 0 0 0 0 0 1 0 0 0 0 0 1 0 0 0 0
644 10 0 0 0 0 0 0 0 1 0 0 0 0 0 0 0 0 0 0 0
645 8 0 0 0 0 0 0 0 1 0 0 0 0 0 0 0 0 0 0 0
646 29 0 0 0 0 0 0 0 0 0 0 0 0 0 0 0 0 0 0 1
647 13 0 0 0 0 0 0 0 0 1 0 0 0 0 0 0 0 0 1 0
648 46 0 0 0 0 0 1 0 0 0 0 0 0 0 0 1 0 0 0 0
649 14 0 0 0 0 0 0 1 0 1 0 0 0 0 0 0 0 1 0 0
650 41 0 0 0 0 0 0 0 0 1 0 0 0 0 0 0 0 0 0 0
651 9 0 1 0 0 0 0 0 0 1 0 0 0 0 0 0 0 0 1 0
652 8 0 0 0 0 0 1 0 0 1 0 0 0 0 0 0 0 0 0 0
653 40 0 0 0 0 0 0 1 0 0 0 1 0 0 0 0 0 1 0 0
654 24 0 0 0 0 0 0 0 0 0 0 1 0 0 1 0 0 1 0 0
655 12 0 0 1 0 0 1 0 0 1 0 0 0 0 0 0 0 0 0 0
656 67 0 0 0 0 0 0 1 0 0 0 1 0 0 0 0 0 1 0 0
657 36 0 0 0 0 0 0 0 0 0 0 1 0 0 0 0 0 1 0 0
658 8 0 0 0 0 0 0 0 0 1 0 0 0 0 0 0 0 0 0 0
659 54 0 0 0 0 0 1 0 0 0 0 0 0 0 1 0 0 1 0 0
660 7 0 0 0 0 0 0 0 0 1 0 0 0 0 0 0 0 0 0 0
661 46 0 0 0 0 0 0 0 0 0 0 0 0 0 0 0 0 0 0 1
662 18 0 0 0 0 0 0 0 0 1 0 0 0 0 0 1 0 0 0 0
663 19 0 0 0 0 0 1 0 0 0 0 0 0 0 0 0 0 0 0 0
664 14 0 0 0 0 0 0 0 0 1 0 0 0 0 0 0 0 0 0 0
665 6 0 1 0 0 0 0 0 0 0 0 0 1 0 0 0 1 1 0 0
666 24 0 0 0 0 0 0 0 0 0 0 0 1 0 0 0 0 0 0 0
667 21 0 0 0 0 0 0 0 0 0 0 0 1 0 0 0 0 0 0 0
668 17 0 1 0 0 0 0 0 0 0 0 0 1 0 0 0 0 0 0 0
669 7 0 0 0 0 0 0 0 0 0 0 0 1 0 0 0 0 0 0 0
670 5 0 0 0 0 0 0 0 0 0 0 0 1 0 0 0 1 1 0 0
671 63 0 0 0 0 0 0 0 0 0 0 0 1 0 0 0 0 0 0 0
672 6 0 0 0 0 0 0 0 0 0 0 0 1 0 0 0 0 0 0 0
673 36 0 0 0 0 0 0 0 0 0 0 1 0 0 0 0 0 1 0 0
674 16 0 0 0 0 0 0 0 0 0 0 0 1 0 0 0 0 0 0 0
675 76 0 0 0 0 0 0 0 0 0 0 0 1 0 0 0 0 0 0 0
676 2 0 0 0 0 0 0 0 0 1 0 0 0 0 0 0 0 0 0 0
677 1 0 0 0 0 0 0 0 1 0 0 0 0 0 0 0 0 0 0 0
678 1 0 0 0 0 0 0 0 0 1 0 0 0 0 0 0 0 1 0 0
679 17 0 1 1 0 0 0 0 0 0 0 0 0 0 0 0 0 0 0 0
680 1 0 1 1 0 0 0 0 0 0 0 0 0 0 0 0 0 0 0 0
681 1 0 0 0 0 0 0 0 0 0 0 0 1 0 0 0 0 0 0 0
682 1 0 0 0 0 0 0 0 0 0 0 0 1 0 1 0 0 1 0 0
683 1 0 0 0 0 0 1 0 0 0 0 0 0 0 0 0 0 0 0 0
684 5 0 1 0 0 0 0 0 0 0 0 0 0 0 0 0 0 1 0 0
685 2 0 1 0 0 0 0 0 0 0 0 0 0 0 0 0 0 1 0 0
686 5 0 1 0 0 0 0 0 0 1 0 0 0 0 0 0 0 0 0 0
687 1 0 0 0 0 0 1 0 0 0 0 0 0 0 0 0 0 0 1 0
688 1 0 0 0 0 0 1 0 0 0 0 0 0 0 0 0 0 0 0 0
689 1 0 1 0 0 0 0 0 0 0 0 0 0 0 0 0 0 1 0 0
690 1 0 0 0 0 0 0 0 0 1 0 0 0 0 0 0 0 0 1 0
691 0 0 0 0 0 0 0 0 0 0 0 1 0 0 0 0 1 1 0 0
692 3 0 0 0 0 0 1 0 0 1 0 0 0 0 0 1 0 0 0 0
693 3 0 0 0 0 0 0 0 0 1 0 0 0 0 0 0 0 0 0 0
694 3 0 0 0 0 0 0 0 0 0 0 0 0 0 0 1 0 0 0 0
695 3 0 0 0 0 0 1 0 0 1 0 0 0 0 0 0 0 0 0 0
696 2 0 0 0 0 0 0 0 0 1 0 0 0 0 0 0 0 1 0 0
697 3 0 0 0 0 0 0 0 0 1 0 0 0 0 0 0 0 0 0 0
698 4 0 0 0 0 0 0 0 0 1 0 0 0 0 0 0 0 0 0 0
699 4 0 0 0 0 0 0 0 0 1 0 0 0 0 0 0 0 0 0 0
700 3 0 0 0 0 0 1 0 0 0 0 0 0 0 0 0 0 0 0 0
701 5 0 0 0 0 0 0 0 1 0 0 0 0 0 0 0 0 0 0 0
702 4 0 0 0 0 0 1 0 0 0 0 0 0 0 0 1 0 0 0 0
703 4 0 0 0 0 0 0 0 0 1 0 0 0 0 0 0 0 0 0 0
704 5 0 0 0 0 0 0 0 0 1 0 0 0 0 0 1 0 0 0 0
705 46 0 0 0 0 0 0 0 0 0 0 0 0 1 0 1 0 0 0 0
706 2 0 0 0 0 0 0 0 0 0 0 0 1 0 0 0 0 0 0 0
707 7 0 0 0 0 0 0 0 0 1 0 0 0 0 0 0 0 0 0 0
708 9 0 0 0 0 0 0 0 0 1 0 0 0 0 0 0 0 0 0 0
709 6 0 0 0 0 0 1 0 0 0 0 0 0 0 0 1 0 0 0 0
710 13 0 0 0 0 0 1 0 0 0 0 0 0 0 0 0 0 0 0 0
711 2 0 0 0 0 0 0 0 0 1 0 0 0 0 0 0 0 0 0 0
712 11 0 0 0 0 0 1 0 0 1 0 0 0 0 0 0 0 0 0 0
713 3 0 0 0 0 0 0 0 0 1 0 0 0 0 0 0 0 0 0 0
714 3 0 0 0 0 0 0 0 0 1 0 0 0 0 0 1 0 0 0 0
715 3 0 0 0 0 0 1 0 0 1 0 0 0 0 0 0 0 0 0 0
716 3 0 0 0 0 0 0 0 0 1 0 0 0 0 0 1 0 0 0 0
717 2 0 0 0 0 0 0 0 0 1 0 0 0 0 0 0 0 1 0 0
718 2 0 0 0 0 0 1 0 0 0 0 0 0 0 0 0 0 0 0 0
719 4 0 0 0 0 0 1 0 0 0 0 0 0 0 0 0 0 0 1 0
720 3 0 1 1 0 0 0 0 0 1 0 0 0 0 0 1 0 0 0 0
721 3 0 0 0 0 0 1 0 0 0 0 0 0 0 0 0 0 0 0 0
722 3 0 0 0 0 0 1 0 0 0 0 0 0 0 0 0 0 0 0 0
723 3 0 0 0 0 0 1 0 0 1 0 0 0 0 0 0 0 0 0 0
724 3 0 0 0 0 0 0 0 0 1 0 0 0 0 0 1 0 0 0 0
725 4 0 0 0 0 0 1 0 0 0 0 0 0 0 0 0 0 0 0 0
726 3 0 0 0 0 1 0 0 0 1 0 0 0 0 0 0 0 0 0 0
727 4 0 0 0 0 0 0 0 0 1 0 0 0 0 0 1 0 0 0 0
728 4 0 0 0 0 0 1 0 0 0 0 0 0 0 0 0 1 0 0 0
729 4 0 0 0 0 0 0 0 0 1 0 0 0 0 0 0 0 0 0 0
730 2 0 0 0 0 0 0 0 0 1 0 0 0 0 0 1 0 0 0 0
731 4 0 0 0 0 0 1 0 0 1 0 0 0 0 0 1 0 0 0 0
732 5 0 0 0 0 0 1 0 0 0 0 0 0 0 0 1 0 0 0 0
733 4 0 0 0 0 0 0 0 0 1 0 0 0 0 0 1 0 0 0 0
734 5 0 0 0 0 0 1 0 0 0 0 0 0 0 0 0 0 0 0 0
735 5 0 0 0 0 0 0 0 0 1 0 0 0 0 0 0 0 0 0 0
736 5 0 0 0 0 0 0 0 0 1 0 0 0 0 0 1 0 0 0 0
737 4 0 0 0 0 0 1 0 0 1 0 0 0 0 0 0 0 0 0 0
738 4 0 0 0 0 0 1 0 0 0 0 0 0 0 0 1 0 0 0 0
739 8 0 0 0 0 0 1 0 0 0 0 0 0 0 0 1 0 0 0 0
740 2 0 0 0 0 0 0 0 0 1 0 0 0 0 0 1 0 0 0 0
741 2 0 0 0 0 0 0 0 0 1 0 0 0 0 0 0 0 1 0 0
742 2 0 0 0 0 0 0 0 0 1 0 0 0 0 0 0 0 1 0 0
743 2 0 1 0 0 0 0 0 0 0 0 0 0 0 0 0 0 1 0 0
744 2 0 0 0 0 0 0 0 0 1 0 0 0 0 0 0 0 0 1 0
745 26 0 0 0 0 0 1 0 0 0 0 0 0 0 0 0 0 0 0 0
746 13 0 0 0 0 0 1 0 0 0 0 0 0 0 0 0 0 0 0 0
747 5 0 0 0 0 0 1 0 0 0 0 0 0 0 0 1 0 0 0 0
748 1 0 1 0 0 0 0 0 0 0 0 0 0 0 0 1 0 1 0 0
749 1 0 0 0 0 0 1 0 0 0 0 0 0 0 0 1 0 0 0 0
750 1 0 0 0 0 0 0 0 0 1 0 0 0 0 0 0 0 0 0 0
751 1 0 1 0 0 0 0 0 0 0 0 0 0 0 0 1 0 1 0 0
752 0 0 1 0 0 0 0 0 0 0 0 0 0 0 0 0 0 1 0 0
753 4 0 0 0 0 0 0 0 0 1 0 0 0 0 0 0 0 0 0 0
754 1 0 0 0 0 0 0 1 0 0 0 0 0 0 0 0 0 1 0 0
755 3 0 1 1 0 1 0 0 0 0 1 0 0 0 0 0 1 0 0 0
756 3 0 0 0 0 0 1 0 0 0 0 0 0 0 0 0 0 0 0 0
757 3 0 0 0 0 0 0 0 1 0 0 0 0 0 0 0 0 0 0 0
758 2 0 0 0 0 0 0 0 0 0 0 0 0 0 0 0 1 1 0 0
759 3 0 1 0 0 0 0 0 0 0 0 0 0 0 0 0 0 0 0 0
760 3 0 0 0 0 0 0 0 0 0 0 0 0 0 0 0 1 0 0 0
761 3 0 1 0 0 0 0 0 0 0 0 0 0 0 0 0 0 1 0 0
762 2 0 0 0 0 0 0 0 0 1 0 0 0 0 0 0 0 0 0 0
763 2 0 0 0 0 0 1 0 0 0 0 0 0 0 0 0 0 0 0 0
764 2 0 0 0 0 0 1 0 0 0 0 0 0 0 0 1 0 0 0 0
765 6 0 0 0 0 0 1 0 0 0 0 0 0 0 0 1 0 0 0 0
766 2 0 0 0 0 0 0 0 1 0 0 0 0 0 0 0 0 0 0 0
767 3 0 0 0 0 0 0 0 0 0 0 0 1 0 0 0 0 0 0 0
768 3 0 0 1 0 1 0 0 0 0 0 0 0 0 0 0 0 0 0 0
769 3 0 1 1 0 0 0 0 0 0 0 0 0 0 1 0 1 0 0 0
770 3 0 0 0 0 0 0 1 0 0 0 1 0 0 1 0 0 1 0 0
771 3 0 1 0 0 0 0 0 0 0 0 0 0 0 0 0 1 1 0 0
772 3 0 0 0 0 0 0 0 0 1 0 0 0 0 0 0 0 0 0 0
773 4 0 0 0 0 0 0 0 0 0 0 0 0 0 0 0 0 1 0 0
774 3 0 0 0 0 0 0 0 0 0 0 0 1 0 0 0 0 0 0 0
775 3 0 0 0 0 0 1 0 0 1 0 0 0 0 0 1 0 0 0 0
776 3 0 0 0 0 0 0 0 0 1 0 0 0 0 0 0 0 0 0 0
777 3 0 0 0 0 0 0 0 0 0 0 0 1 0 0 0 0 0 0 0
778 3 0 0 0 0 0 1 0 0 1 0 0 0 0 0 1 0 0 0 0
779 4 0 1 0 0 0 0 0 0 0 0 0 0 0 0 0 0 0 0 0
780 4 0 0 0 0 0 1 0 0 0 0 0 0 0 0 0 0 0 0 0
781 3 0 0 0 0 0 1 0 0 0 0 0 0 0 0 1 0 0 0 0
782 4 0 0 0 0 0 0 0 0 1 0 0 0 0 0 0 0 0 0 0
783 4 0 0 0 0 0 1 0 0 0 0 0 0 0 0 1 0 0 0 0
784 5 0 0 0 0 0 0 0 0 1 0 0 1 0 0 0 0 0 0 0
785 4 0 0 0 0 0 1 0 0 0 0 0 0 0 0 1 0 0 0 0
786 3 0 0 0 0 0 1 0 0 0 0 0 0 0 0 1 0 0 0 0
787 3 0 0 0 0 0 1 0 0 1 0 0 0 0 0 0 0 0 0 0
788 4 0 0 0 0 0 0 0 0 0 0 0 1 0 0 0 0 1 0 0
789 3 0 0 0 0 0 1 0 0 1 0 0 0 0 0 0 0 0 0 0
790 3 0 0 0 0 0 1 0 0 0 0 0 0 0 0 0 0 0 0 0
791 3 0 0 0 0 1 0 0 0 0 0 0 0 0 0 0 0 0 0 0
792 4 0 0 0 0 0 1 0 0 0 0 0 0 0 0 0 0 0 0 0
793 4 0 0 0 0 0 1 0 0 0 0 0 0 0 0 0 0 0 0 0
794 4 0 0 0 0 0 0 0 0 1 0 0 0 0 0 1 0 0 0 0
795 4 0 0 0 0 1 1 0 0 0 0 0 0 0 0 0 0 0 0 0
796 4 0 0 0 0 0 1 0 0 0 0 0 0 0 0 1 0 0 0 0
797 4 0 1 0 0 0 0 0 0 0 0 0 0 0 0 0 1 0 0 0
798 3 0 1 0 0 0 0 0 0 0 0 0 0 0 0 0 0 0 0 0
799 3 0 0 0 0 0 0 0 0 1 0 0 0 0 0 0 0 0 0 0
800 3 0 0 0 0 0 0 0 0 0 0 0 1 0 0 0 0 1 0 0
801 4 0 0 0 0 0 1 0 0 0 0 0 0 0 0 0 0 0 0 0
802 5 0 1 1 0 0 0 1 0 0 0 0 0 0 0 0 0 1 0 0
803 5 0 1 0 0 0 0 0 0 1 0 0 0 0 0 0 0 0 1 0
804 4 0 0 0 0 0 1 0 0 0 0 0 0 0 0 0 0 0 0 0
805 5 0 0 0 0 0 1 0 0 0 0 0 0 0 1 0 0 0 0 0
806 5 0 1 0 0 0 0 1 0 1 0 0 0 0 0 0 0 0 0 0
807 5 0 0 0 0 0 0 0 0 1 0 0 0 0 0 0 0 0 0 0
808 5 0 1 0 0 0 0 0 0 1 0 0 0 0 0 0 0 0 0 0
809 5 0 1 0 0 0 0 0 0 1 0 0 0 0 1 0 0 0 0 0
810 4 0 1 0 0 0 0 0 0 0 0 0 0 0 0 0 0 0 0 0
811 5 0 0 0 0 0 0 0 1 0 0 0 0 0 0 0 0 0 0 0
812 4 0 0 1 0 1 0 0 0 0 0 0 0 0 0 0 0 0 0 0
813 2 0 0 0 0 0 0 0 1 0 0 0 0 0 0 0 0 0 0 0
814 4 0 0 0 0 0 0 0 1 0 0 0 0 0 0 0 0 0 0 0
815 2 0 0 0 0 0 0 0 0 1 0 0 0 0 0 1 0 0 0 0
816 3 0 0 0 0 0 0 0 0 0 0 0 1 0 0 0 0 0 0 0
817 2 0 0 0 0 0 0 0 0 1 0 0 0 0 0 0 0 0 0 0
818 2 0 0 0 0 0 1 0 0 0 0 0 0 0 0 0 0 0 0 0
819 2 0 0 0 0 0 1 0 0 0 0 0 0 0 0 0 0 0 0 0
820 2 0 0 1 1 1 1 0 0 0 1 0 0 0 0 0 0 0 0 0
821 2 0 0 0 0 0 1 0 0 0 0 0 0 0 0 1 0 0 0 0
822 30 0 0 0 0 0 0 0 0 1 0 0 0 0 0 0 0 0 0 0
823 2 0 0 0 0 0 0 1 0 0 0 1 0 0 0 0 0 1 0 0
824 2 0 0 0 0 0 1 0 0 0 0 0 0 0 0 0 0 0 0 0
825 2 0 1 0 0 0 0 0 0 0 0 0 0 0 0 0 1 1 0 0
826 2 0 0 1 0 0 0 0 0 0 0 0 0 0 0 0 0 0 0 0
827 2 0 1 1 0 0 0 0 0 0 0 0 0 0 0 0 0 1 0 0
828 2 0 0 1 0 1 0 0 0 0 0 0 0 0 0 0 0 0 0 0
829 2 0 1 1 0 0 0 0 0 0 0 0 0 0 0 0 0 0 0 0
830 2 0 1 0 0 0 0 0 0 0 0 0 0 0 1 0 0 1 0 0
831 2 0 1 1 0 0 0 0 0 0 0 0 0 0 0 0 1 1 0 0
832 2 0 0 0 0 1 0 0 0 1 1 0 0 0 0 0 0 0 0 0
833 2 0 1 0 0 0 0 0 0 0 0 0 0 0 0 0 0 0 0 0
834 3 0 0 0 0 0 0 0 0 0 0 0 1 0 0 0 0 1 0 0
835 64 0 0 0 0 0 1 0 0 0 0 0 0 1 0 1 0 0 0 0
836 59 0 0 0 0 0 1 0 0 0 0 0 0 0 0 1 0 0 0 0
837 57 0 0 0 0 0 0 0 0 1 0 0 0 0 0 0 0 0 0 0
838 2 0 1 0 0 0 0 0 0 0 0 0 0 0 0 0 0 0 0 0
839 3 0 0 0 0 0 0 0 0 0 0 0 1 0 0 0 0 1 0 0
840 2 0 1 0 0 0 0 0 0 1 0 0 0 0 0 0 0 0 0 1
841 2 0 1 0 0 0 0 0 0 0 0 0 0 0 0 0 0 1 0 0
842 38 0 0 0 0 1 1 0 0 1 0 0 0 0 0 0 0 0 0 0
843 39 0 0 0 0 1 1 0 0 0 0 0 0 0 0 0 0 0 0 0
844 2 0 0 0 0 0 0 1 0 0 0 0 0 0 0 0 0 0 0 0
845 2 0 0 0 0 0 1 0 0 0 0 0 0 0 0 0 0 0 0 0
846 2 0 0 0 0 0 0 0 0 1 0 0 0 0 0 1 0 0 0 0
847 2 0 0 0 0 0 0 0 1 1 0 0 0 0 0 0 0 0 0 0
848 54 0 0 0 0 0 0 0 0 0 0 1 0 0 0 0 0 1 0 0
849 8 0 1 0 0 0 0 0 0 0 0 0 0 0 0 1 0 0 0 0
850 2 0 0 0 0 0 0 0 1 0 0 0 0 0 0 0 0 0 0 0
851 32 0 0 0 0 0 0 0 0 1 0 0 0 0 0 0 0 0 0 0
852 2 0 0 0 0 0 0 0 0 1 0 0 0 0 0 0 0 1 0 0
853 6 0 0 0 0 0 1 0 0 0 0 0 1 0 0 0 0 0 0 0
854 11 0 0 0 0 0 1 0 0 0 0 0 1 0 0 0 0 0 0 0
855 17 0 1 0 0 0 0 0 0 1 0 0 0 0 1 1 0 1 0 0
856 7 0 0 0 0 0 1 0 0 1 0 0 0 0 0 0 0 0 0 0
857 2 0 0 0 0 0 0 0 1 0 0 0 0 0 0 0 0 0 0 0
858 2 0 0 0 0 0 0 0 0 0 0 0 1 0 0 0 0 0 0 0
859 12 0 0 0 0 0 1 0 0 0 0 0 1 0 0 0 0 0 0 0
860 11 0 0 0 0 0 0 0 0 0 0 0 1 0 0 0 0 1 0 0
861 12 0 0 0 0 0 0 0 0 0 0 0 1 0 0 0 0 0 0 0
862 2 0 0 1 0 1 1 0 0 0 0 0 0 0 0 0 0 0 0 0
863 2 0 0 0 0 0 0 0 0 1 0 0 0 0 0 0 0 0 0 0
864 2 0 0 0 0 0 1 0 0 0 0 0 0 0 0 0 0 0 0 0
865 1 0 0 0 0 0 0 0 0 1 0 0 0 0 0 0 0 0 0 0
866 2 0 0 0 0 0 1 0 0 0 0 0 0 0 0 1 0 0 0 0
867 2 0 0 0 0 0 0 0 0 1 0 0 0 0 0 0 0 0 0 0
868 1 0 0 0 0 0 0 0 0 1 0 0 0 0 0 0 0 0 0 0
869 1 0 0 0 0 0 1 0 0 0 0 0 0 0 0 1 0 0 0 0
870 1 0 0 0 0 0 0 0 0 0 0 0 0 0 0 1 0 0 0 0
871 1 0 0 0 0 0 1 0 0 0 0 0 0 0 0 0 0 0 0 0
872 1 0 0 0 0 0 0 0 0 0 0 0 0 0 0 1 0 0 0 0
873 1 0 0 0 0 0 1 0 0 0 0 0 0 0 0 1 0 0 0 0
874 1 0 0 0 0 0 0 0 0 1 0 0 0 0 0 0 0 0 0 0
875 1 0 0 0 0 0 0 0 0 1 0 0 0 0 0 1 0 0 0 0
876 1 0 1 0 0 0 1 0 0 0 0 0 0 0 0 0 0 0 0 0
877 1 0 0 1 0 0 0 0 0 0 0 0 0 0 0 1 0 0 0 0
878 1 0 0 0 0 1 1 0 0 0 0 0 0 0 1 0 0 0 0 0
879 1 0 1 0 0 0 0 0 0 0 0 0 0 0 0 0 0 1 1 0
880 1 0 0 0 0 0 0 0 0 1 0 0 0 0 0 0 0 0 0 0
881 1 0 1 0 0 0 1 0 0 0 0 0 0 0 0 0 0 0 0 0
882 1 0 0 0 0 0 0 0 0 1 0 0 0 0 0 0 0 0 0 0
883 1 0 0 0 0 0 0 0 0 1 0 0 0 0 0 0 0 0 0 0
884 1 0 0 0 0 0 0 0 1 0 0 0 0 0 0 0 0 0 0 0
885 0 0 0 0 0 0 0 0 0 0 0 0 1 0 0 0 0 0 0 0
886 1 0 0 0 0 0 0 0 0 0 0 0 0 0 0 1 0 1 0 0
887 1 0 0 0 0 0 0 0 0 1 0 0 0 0 0 0 0 0 0 0
888 1 0 0 0 0 0 0 0 0 1 0 0 0 0 0 0 0 0 0 0
889 1 0 0 0 0 0 0 0 0 0 0 0 0 0 0 1 0 0 0 0
890 1 0 1 1 0 0 0 0 0 0 0 0 0 0 0 0 0 0 0 0
891 1 0 0 0 0 0 0 0 0 1 0 0 0 0 0 0 0 0 1 0
892 1 0 0 0 0 1 1 0 0 0 1 0 0 0 0 0 0 0 0 0
893 1 0 0 0 0 0 1 0 0 0 0 0 0 0 0 0 0 0 0 0
894 1 0 0 0 0 1 1 0 0 0 0 0 0 0 0 0 0 0 0 0
895 1 0 0 0 0 0 0 0 0 0 0 0 1 0 0 0 0 1 0 0
896 1 0 0 0 0 0 0 0 0 1 0 0 0 0 0 0 0 0 0 0
897 3 0 1 1 0 0 0 0 0 0 0 0 0 0 0 0 1 0 0 0
898 1 0 0 0 0 0 0 0 0 1 0 0 0 0 0 0 0 0 0 0
899 1 0 0 0 0 0 0 0 0 1 0 0 0 0 0 0 0 0 0 0
900 1 0 0 0 0 0 0 0 0 1 0 0 0 0 0 0 0 0 0 0
901 1 0 0 0 0 0 1 0 0 0 0 0 0 0 0 0 0 0 0 0
902 1 0 0 0 0 0 1 1 0 0 0 0 0 0 1 0 0 1 0 0
903 1 0 0 0 0 0 0 0 0 1 0 0 0 0 0 1 0 0 0 0
904 1 0 0 0 0 0 1 0 0 1 0 0 0 0 0 0 0 0 0 0
905 0 0 0 0 0 0 0 0 0 1 0 0 0 0 0 1 0 0 0 0
906 1 0 0 0 0 0 0 0 0 1 0 0 0 0 0 1 0 0 0 0
907 1 0 0 0 0 0 1 0 0 0 0 0 0 0 0 0 0 0 0 0
908 0 0 0 0 0 0 1 0 0 0 0 0 0 0 0 0 0 0 0 0
909 0 0 0 0 0 0 0 0 0 1 0 0 0 0 0 0 0 0 0 0
910 0 0 0 0 0 0 0 0 0 1 0 0 0 0 0 0 0 0 0 0
911 0 0 0 0 0 0 0 1 0 1 0 0 0 0 0 0 0 0 0 0
912 0 0 1 0 0 0 0 0 0 0 0 0 0 0 0 0 0 1 0 0
913 0 0 0 0 0 0 1 0 0 0 0 0 0 0 0 0 0 0 0 0
914 0 0 0 0 0 0 0 1 0 1 0 0 0 0 1 0 0 1 0 0
915 0 0 0 0 0 0 0 0 0 1 0 0 0 0 0 0 0 0 0 0
916 0 0 1 0 0 0 0 0 0 0 0 0 0 0 0 0 1 1 0 0
917 0 0 1 0 0 0 0 0 0 1 0 0 0 0 0 0 0 1 0 0
918 0 0 0 0 0 0 0 0 0 0 0 0 0 0 0 1 0 0 0 0
919 3 0 0 1 0 0 0 0 0 0 0 0 0 0 0 0 1 0 0 0
920 3 0 0 0 0 0 0 0 0 1 0 0 0 0 0 0 0 0 0 0
921 5 0 0 0 0 0 0 0 0 1 0 0 0 0 0 1 0 0 0 0
922 2 0 0 0 0 0 0 0 0 0 0 0 0 0 0 0 0 0 0 1
923 7 0 0 0 0 0 0 0 0 1 0 0 0 0 0 0 0 0 0 0
924 2 0 0 1 0 0 0 0 0 1 0 0 0 0 0 0 0 0 0 0
925 2 0 0 0 0 0 0 0 0 0 0 0 0 0 0 0 1 1 0 0
926 2 0 0 0 0 0 1 0 0 0 0 0 0 0 0 0 0 0 0 0
927 2 0 0 0 0 0 0 0 0 1 0 0 0 0 0 0 0 0 0 0
928 2 0 0 0 0 0 0 0 0 1 0 0 1 0 0 0 0 0 0 0
929 2 0 0 0 0 1 1 0 0 0 0 0 0 0 0 0 0 0 0 0
930 2 0 1 1 0 0 0 0 0 0 0 0 0 0 0 0 0 1 0 0
931 2 0 0 0 0 0 0 0 0 0 0 0 0 0 0 0 1 1 0 0
932 2 0 0 0 0 1 1 0 0 0 0 0 0 0 0 0 0 0 0 0
933 2 0 0 0 0 0 0 0 0 1 0 0 0 0 0 0 0 0 0 0
934 2 0 0 0 0 0 0 0 0 1 0 0 0 0 0 0 0 0 0 0
935 1 0 0 0 0 0 0 0 0 1 0 0 0 0 0 0 0 0 1 0
936 1 0 0 0 0 0 1 0 0 1 0 0 0 0 0 1 0 0 0 0
937 1 0 0 0 0 0 0 0 0 1 0 0 0 0 0 0 0 0 0 0
938 1 0 0 0 0 0 1 0 0 0 0 0 0 0 0 1 0 0 0 0
939 3 0 0 0 0 0 0 0 0 1 0 0 0 0 0 0 0 1 0 0
940 4 0 0 0 0 0 1 0 0 0 0 0 0 0 0 0 0 0 0 0
941 4 0 0 0 0 0 1 0 0 1 0 0 0 0 0 0 0 0 0 0
942 5 0 0 0 0 0 0 0 0 1 0 0 0 0 0 0 0 0 0 0
943 4 0 0 0 0 0 0 0 0 0 0 0 0 0 0 0 0 1 0 0
944 4 0 0 0 0 0 1 0 0 1 0 0 0 0 0 0 0 0 1 0
945 35 0 0 0 0 0 1 0 0 0 0 0 0 0 1 1 0 1 0 0
946 17 0 0 0 1 1 0 0 0 0 0 0 0 0 0 0 0 0 0 0
947 10 0 0 1 0 0 0 0 0 0 0 0 0 0 0 1 0 0 0 0
948 1 0 0 0 0 0 1 0 0 0 0 0 0 0 0 1 0 0 0 0
949 3 0 0 0 0 0 0 0 0 1 0 0 0 0 0 1 0 0 0 0
950 3 0 0 0 0 0 0 0 0 1 0 0 0 0 0 0 0 0 0 0
951 3 0 0 1 0 1 0 0 0 0 1 0 0 0 0 0 0 0 0 0
952 3 0 0 0 0 0 1 0 0 0 0 0 0 0 0 0 0 0 0 0
953 3 0 0 0 0 0 1 0 0 1 0 0 0 0 0 0 0 0 0 0
954 3 0 0 0 0 0 0 0 1 0 0 0 0 0 0 0 0 0 0 0
955 3 0 0 0 0 0 0 0 0 1 0 0 0 0 0 1 0 0 0 0
956 4 0 0 0 0 0 0 0 0 1 0 0 0 0 0 0 0 0 0 0
957 6 0 0 0 0 0 1 0 0 0 0 0 0 0 0 0 0 0 0 0
958 4 0 0 0 0 0 0 0 0 1 0 0 0 0 0 0 0 0 0 0
959 5 0 0 0 0 0 1 0 0 0 0 0 0 0 0 0 0 0 0 0
960 5 0 0 0 0 0 0 0 0 1 0 0 0 0 0 0 0 0 0 0
961 5 0 0 0 0 0 0 0 0 1 0 0 0 0 0 0 0 0 0 0
962 5 0 0 0 0 0 0 0 0 1 0 0 0 0 0 0 0 0 0 0
963 5 0 0 0 0 0 0 0 0 1 0 0 0 0 0 0 0 1 0 0
964 3 0 0 0 0 0 1 0 0 1 0 0 0 0 0 0 0 0 0 0
965 41 0 0 0 0 0 1 0 0 0 0 0 0 1 0 0 0 0 0 0
966 41 0 0 0 0 0 0 0 0 0 0 0 0 0 0 1 0 0 0 0
967 62 0 0 0 0 0 0 0 0 1 0 0 0 0 0 0 0 0 0 0
968 49 0 0 0 0 0 0 0 0 0 0 0 0 1 0 0 0 0 0 0
969 30 0 0 0 1 1 0 0 0 0 0 0 0 0 0 0 0 0 0 0
970 7 0 0 0 0 0 1 0 0 0 0 0 0 0 0 0 0 0 0 0
971 7 0 0 0 0 0 1 0 0 0 0 0 0 0 0 0 0 0 1 0
972 6 0 0 0 0 0 0 0 0 1 0 0 0 0 0 0 0 0 0 0
973 2 0 0 0 0 0 0 0 1 0 0 0 0 0 0 0 0 0 0 0
974 2 0 0 0 0 0 0 0 0 1 0 0 0 0 0 0 0 1 0 0
975 2 0 0 0 0 0 0 0 0 0 0 0 0 0 0 0 0 1 0 0
976 2 0 1 0 0 0 0 0 0 0 0 0 0 0 0 0 1 1 0 0
977 2 0 1 0 0 0 0 0 0 0 0 0 0 0 0 0 0 0 0 0
978 2 0 0 0 0 0 0 0 0 0 0 0 0 0 1 0 0 1 0 0
979 2 0 0 0 0 0 0 0 0 1 0 0 0 0 0 0 0 1 0 0
980 2 0 0 0 0 0 0 0 0 1 0 0 0 0 0 0 0 0 0 0
981 2 0 0 0 0 0 0 0 0 1 0 0 0 0 0 0 0 0 0 0
982 2 0 1 1 0 0 0 0 0 0 0 0 0 0 0 0 0 1 0 0
983 2 0 0 0 0 0 0 0 0 0 0 0 0 0 0 0 0 1 0 0
984 1 0 0 0 0 0 0 0 0 0 0 0 0 0 0 0 0 1 0 0
985 2 0 0 0 0 0 0 0 0 1 0 0 0 0 0 0 0 0 0 0
986 1 0 0 0 0 0 0 0 0 0 0 0 0 0 0 0 0 1 0 0
987 1 0 0 0 0 0 0 0 0 0 0 0 0 0 0 0 0 1 0 0
988 1 0 0 0 0 0 1 0 0 0 0 0 0 0 0 1 0 0 0 0
989 1 0 0 0 1 1 0 0 0 0 0 0 0 1 0 0 0 0 0 0
990 1 0 0 0 0 0 0 0 0 1 0 0 0 0 0 1 0 0 0 0
991 1 0 0 0 0 0 0 1 0 0 0 0 0 0 0 0 0 0 0 0
992 1 0 0 0 0 0 1 0 0 0 0 0 0 0 0 0 0 1 0 0
993 1 0 0 1 1 1 1 0 0 0 0 0 0 1 0 0 0 0 0 0
994 1 0 0 0 0 0 0 0 0 1 0 0 0 0 0 0 0 0 0 0
995 1 0 0 0 0 0 1 0 0 0 0 0 0 0 0 0 0 0 0 0
996 3 0 0 0 0 1 1 0 0 0 0 0 0 0 0 0 0 0 0 0
997 3 0 0 0 0 0 1 0 0 0 0 0 0 0 0 0 0 0 0 0
998 4 0 0 0 0 0 1 0 0 0 0 0 0 0 0 0 0 0 0 0
999 4 0 0 0 0 0 1 0 0 0 0 0 0 0 0 0 0 0 0 0
1000 4 0 0 0 0 0 1 0 0 0 0 0 0 0 0 0 0 0 0 1
1001 2 0 0 0 0 0 1 0 0 0 0 0 0 0 0 0 0 0 0 0
1002 1 0 0 0 0 0 1 0 0 0 0 0 0 0 0 0 0 0 0 0
1003 1 0 0 0 0 1 1 0 0 0 0 0 0 0 1 0 0 0 0 0
1004 5 0 0 0 0 0 0 0 0 1 0 0 0 0 0 0 0 0 0 1
1005 7 0 0 0 0 0 0 0 0 1 0 0 0 0 0 0 0 0 0 0
1006 7 0 0 0 0 0 0 0 0 1 0 0 0 0 0 0 1 0 0 0
1007 1 0 0 0 0 0 1 0 0 0 0 0 0 0 0 0 0 0 0 0
1008 2 0 0 0 0 0 0 0 0 1 0 0 0 0 0 0 0 0 0 0
1009 2 0 0 0 0 0 0 0 0 1 0 0 0 0 0 0 0 0 0 0
1010 2 0 0 0 0 0 0 0 0 1 0 0 0 0 0 0 0 0 0 0
1011 2 0 0 0 0 0 0 1 0 0 0 0 0 0 0 0 0 0 0 0
1012 1 0 0 0 0 0 1 0 0 1 0 0 0 0 0 0 0 0 0 0
1013 1 0 1 1 0 0 0 0 0 0 0 0 0 0 0 0 0 1 0 0
1014 1 0 0 0 0 0 1 0 0 0 0 0 0 0 0 0 0 0 0 0
1015 1 0 0 0 0 1 0 0 0 1 0 0 0 0 0 0 0 0 0 0
1016 1 0 1 1 0 0 0 0 0 0 0 0 0 0 0 0 0 1 0 0
1017 2 0 0 0 0 0 0 0 0 1 0 0 0 0 0 0 0 0 0 0
1018 8 0 0 0 0 0 0 0 0 1 0 0 0 0 0 0 0 0 0 0
1019 9 0 1 0 0 0 0 0 0 0 0 0 0 0 0 0 0 1 0 0
1020 54 0 0 0 0 0 0 0 0 0 0 0 0 0 1 0 0 1 0 0
1021 35 0 0 0 0 0 0 0 0 1 0 0 0 0 0 0 0 0 0 0
1022 1 0 0 0 0 0 0 0 1 0 0 0 0 0 0 0 0 0 0 0
1023 1 0 0 0 0 0 1 0 0 0 0 0 0 0 0 0 0 0 0 0
1024 1 0 0 0 0 0 0 0 0 0 0 0 0 0 0 1 0 0 0 0
1025 1 0 1 0 0 0 0 0 0 1 0 0 0 0 0 0 0 1 0 0
1026 1 0 0 0 0 0 1 0 0 1 0 0 0 0 0 0 0 0 0 0
1027 3 0 1 0 0 0 0 0 0 0 0 0 0 0 0 0 0 0 0 0
1028 3 0 0 0 0 0 1 0 0 0 0 0 0 0 0 1 0 0 0 0
1029 3 0 0 0 0 0 1 0 0 0 0 0 0 0 0 0 0 0 0 0
1030 5 0 0 0 0 0 1 0 0 0 0 0 0 0 0 0 0 0 0 0
1031 4 0 0 1 0 1 0 0 0 0 0 0 0 0 0 0 0 0 0 0
1032 4 0 0 0 0 1 1 0 0 0 0 0 0 0 0 0 0 0 0 0
1033 2 0 0 1 0 1 0 0 0 0 0 0 0 0 0 0 0 0 0 0
1034 2 0 1 1 0 0 0 0 0 0 0 0 0 0 0 0 0 0 0 0
1035 5 0 0 0 0 0 1 0 0 0 0 0 0 0 0 0 0 0 0 0
1036 7 0 0 0 0 0 1 0 0 0 1 0 0 0 0 0 0 0 0 0
1037 16 0 0 0 0 0 1 0 0 0 0 0 0 1 0 1 0 0 0 0
1038 1 0 0 0 0 0 0 0 0 0 0 0 0 0 0 0 0 1 0 0
1039 1 0 0 0 0 0 0 0 0 1 0 0 0 0 0 0 0 0 0 0
1040 2 0 0 0 0 0 1 0 0 0 0 0 0 0 0 1 0 0 0 0
1041 3 0 0 0 0 0 1 0 0 0 0 0 0 0 0 1 0 0 0 0
1042 3 0 0 0 0 0 0 0 0 0 0 0 0 0 1 0 0 1 0 0
1043 3 0 0 0 0 0 1 0 0 0 0 0 0 0 0 0 0 0 0 0
1044 4 0 0 0 0 0 1 0 0 1 0 0 0 0 0 0 0 0 0 0
1045 5 0 0 0 0 0 0 0 0 1 0 0 0 0 0 0 0 0 0 0
1046 5 0 0 0 0 0 0 0 0 0 0 0 0 0 0 0 0 1 0 0
1047 2 0 0 0 0 0 1 0 0 0 0 0 0 0 0 0 0 0 0 0
1048 2 0 0 0 0 0 1 0 0 0 0 0 0 0 0 1 0 0 0 0
1049 2 0 0 0 0 0 1 0 0 0 0 0 0 0 0 0 0 0 0 0
1050 51 0 0 0 0 0 0 0 0 1 0 0 0 0 0 1 0 0 0 0
1051 2 0 0 0 0 0 1 0 0 0 0 0 0 0 0 0 0 0 0 0
1052 3 0 0 0 0 0 1 0 0 0 0 0 1 0 0 0 0 0 0 0
1053 3 0 0 0 0 0 0 0 0 1 0 0 0 0 0 0 0 0 0 0
1054 2 0 0 0 0 0 1 0 0 0 0 0 0 0 0 0 0 0 0 0
1055 4 0 0 0 0 0 0 0 0 1 0 0 0 0 0 0 0 0 0 0
1056 6 0 0 0 0 0 0 0 0 0 0 0 1 0 0 0 0 0 0 0
1057 2 0 0 0 0 0 1 0 0 0 0 0 0 0 0 0 0 0 0 0
1058 4 0 0 1 0 0 0 0 0 1 0 0 0 0 0 0 0 0 0 0
1059 2 0 0 0 0 0 1 0 0 0 0 0 0 0 0 0 0 0 0 0
1060 2 0 0 1 0 1 0 0 0 0 0 0 0 0 0 0 0 0 0 0
1061 2 0 0 0 0 0 1 0 0 1 0 0 0 0 0 0 0 0 0 0
1062 0 0 0 0 0 0 0 0 0 1 0 0 0 0 0 0 0 0 0 0
1063 3 0 0 0 0 1 0 0 0 1 0 0 0 0 0 0 0 0 0 0
1064 51 0 0 0 0 0 0 1 0 0 0 1 0 0 0 0 0 0 0 0
1065 15 0 0 0 0 0 0 0 1 0 0 0 0 0 0 0 0 0 1 0
1066 3 0 0 0 1 1 0 0 0 0 0 0 0 0 0 0 0 0 0 0
1067 2 0 0 0 0 0 1 0 0 0 0 0 0 0 0 0 0 0 0 0
1068 2 0 0 0 0 0 0 0 0 1 0 0 0 0 0 0 0 0 0 0
1069 4 0 0 0 0 0 0 1 0 1 0 0 0 0 0 0 0 1 0 0
1070 3 0 0 0 0 0 1 0 0 0 0 0 0 0 0 0 0 0 0 0
1071 3 0 0 0 0 0 1 0 0 0 0 0 0 0 0 0 0 0 0 0
1072 3 0 0 0 0 0 1 0 0 0 0 0 0 0 0 1 0 0 0 0
1073 4 0 0 0 0 0 0 0 0 0 0 0 0 0 0 0 0 1 0 0
1074 4 0 0 0 0 0 1 0 0 1 0 0 0 0 0 0 0 0 0 0
1075 4 0 0 0 0 0 0 0 0 1 0 0 0 0 0 0 0 0 0 0
1076 4 0 1 1 1 1 0 0 0 0 1 0 0 0 0 0 0 0 0 0
1077 4 0 0 0 0 0 0 0 0 0 0 0 0 0 0 0 0 1 0 0
1078 10 0 0 0 1 1 0 0 0 0 0 0 0 0 0 0 0 0 0 0
1079 2 0 0 0 0 0 1 0 0 0 0 0 0 1 0 0 0 0 0 0
1080 2 0 0 0 0 0 1 0 0 0 0 0 0 0 0 0 0 0 0 0
1081 2 0 0 0 0 0 0 1 0 0 0 0 0 0 0 0 0 0 0 0
1082 1 0 0 0 0 0 0 0 0 1 0 0 0 0 0 0 0 0 0 0
1083 1 0 0 0 0 0 0 1 0 0 0 0 0 0 0 0 0 1 0 0
1084 2 0 0 0 0 0 0 0 1 0 0 0 0 0 0 0 0 0 0 0
1085 2 0 0 0 0 0 0 0 0 1 0 0 0 0 0 1 0 0 0 0
1086 2 0 0 0 0 0 0 0 0 1 0 0 0 0 0 0 0 0 0 0
1087 2 0 1 0 0 0 0 0 0 0 0 0 0 0 0 0 0 0 0 0
1088 1 0 1 0 0 0 0 0 0 0 0 0 0 0 0 0 0 0 0 0
1089 1 0 1 0 0 0 0 0 0 0 0 0 0 0 0 1 0 1 0 0
1090 5 0 0 0 0 0 0 0 0 0 0 0 0 0 0 0 0 1 0 0
1091 21 0 0 1 1 1 0 0 0 0 0 0 0 1 0 0 0 0 0 0
1092 2 0 0 0 0 0 1 0 0 0 0 0 0 0 0 0 0 0 0 0
1093 2 0 0 0 0 0 1 0 0 0 0 0 0 0 0 0 0 0 0 0
1094 2 0 0 0 0 0 1 0 0 0 0 0 0 0 0 0 0 0 0 0
1095 2 0 0 0 0 0 1 0 0 0 0 0 0 0 0 0 0 0 0 0
1096 1 0 0 0 0 0 0 0 0 0 0 0 0 0 0 1 0 0 0 0
1097 2 0 0 0 0 0 0 0 0 1 0 0 0 0 0 0 0 0 0 0
1098 2 0 0 0 0 0 1 0 0 0 0 0 0 0 0 0 0 0 0 0
1099 4 0 0 0 0 0 0 0 0 1 0 0 0 0 0 0 0 0 0 0
1100 4 0 0 0 0 0 1 0 0 1 0 0 0 0 0 1 0 0 0 0
1101 5 0 0 0 0 0 0 0 0 1 0 0 0 0 1 0 0 0 0 0
1102 2 0 0 0 0 0 1 0 0 0 0 0 0 0 0 1 0 0 0 0
1103 8 0 0 0 0 0 1 0 0 1 0 0 0 0 0 0 0 0 0 0
1104 6 0 0 0 0 0 1 1 0 1 0 0 0 0 0 0 0 0 0 0
1105 0 0 1 1 0 0 0 0 0 0 0 0 0 0 0 0 0 1 0 0
1106 0 0 0 0 0 0 0 1 0 1 0 0 0 0 0 0 0 0 0 0
1107 3 0 0 0 0 0 0 0 0 1 0 0 0 0 0 0 0 0 0 0
1108 3 0 0 0 0 0 0 0 0 1 0 0 0 0 0 0 0 0 0 0
1109 4 0 0 0 0 0 0 0 0 1 0 0 0 0 0 0 0 1 0 0
1110 3 0 1 0 0 0 1 0 0 0 0 0 0 1 0 0 1 0 0 0
1111 2 0 0 0 0 0 0 0 0 1 0 0 0 0 0 0 0 0 0 0
1112 4 0 0 0 0 0 0 0 0 1 0 0 0 0 0 0 0 0 0 0
1113 4 0 0 0 0 0 0 0 0 1 0 0 0 0 0 0 0 0 0 0
1114 2 0 0 0 0 0 1 0 0 0 0 0 0 0 0 0 0 0 0 0
1115 2 0 0 0 0 0 1 0 0 1 0 0 0 0 0 1 0 0 0 0
1116 58 0 0 1 0 0 0 0 0 0 0 0 0 0 0 0 0 0 0 0
1117 2 0 0 0 0 0 0 0 0 1 0 0 0 0 0 0 0 0 0 0
1118 20 0 0 0 0 0 1 0 0 0 0 0 0 0 0 0 0 0 0 0
1119 11 0 0 0 0 0 0 0 0 1 0 0 0 0 0 1 0 0 0 0
1120 2 0 0 0 0 0 1 0 0 0 0 0 0 0 0 0 0 0 0 0
1121 2 0 0 0 0 0 0 0 0 1 0 0 0 1 0 0 0 0 0 0
1122 59 0 0 0 0 0 0 1 0 1 0 0 0 0 0 0 0 0 0 0
1123 44 0 0 0 0 0 0 0 0 1 0 0 0 0 0 0 0 0 0 0
1124 66 0 0 0 0 0 0 0 0 0 0 0 0 0 0 1 0 0 1 0
1125 37 0 0 0 0 0 0 0 0 0 0 0 0 0 0 0 0 1 0 0
1126 40 0 0 1 0 0 0 0 0 1 0 0 0 0 0 0 0 0 0 0
1127 0 0 0 0 0 0 0 0 0 1 0 0 0 0 0 0 0 0 0 0
1128 2 0 0 0 0 0 0 0 1 0 0 0 0 0 0 0 0 0 0 0
1129 2 0 0 0 0 0 0 0 0 1 0 0 0 0 1 1 0 0 0 0
1130 2 0 0 0 0 0 0 0 1 0 0 0 0 0 0 0 0 0 0 0
1131 3 0 0 0 0 0 0 0 0 0 0 0 0 0 0 0 0 1 0 0
1132 2 0 0 0 0 0 0 0 0 1 0 0 0 0 0 1 0 0 0 0
1133 23 0 0 1 0 1 0 0 0 0 1 0 0 0 0 0 0 0 0 0
1134 2 0 0 0 0 0 0 0 0 1 0 0 0 0 0 0 0 0 0 0
1135 7 0 0 0 0 0 0 0 0 1 0 0 0 1 0 0 0 0 0 0
1136 2 0 0 0 0 0 0 0 0 1 0 0 0 0 0 0 0 0 0 0
1137 2 0 0 0 0 0 0 0 0 1 0 0 0 0 0 1 0 0 0 0
1138 1 0 1 0 0 0 1 1 0 1 0 0 0 0 0 0 0 0 0 0
1139 3 0 1 0 0 0 0 1 0 0 0 0 0 0 0 0 0 1 0 0
1140 4 0 0 0 0 0 1 0 0 0 0 0 0 0 0 0 0 0 0 0
1141 5 0 0 0 0 0 0 0 1 0 0 0 0 0 0 0 0 0 0 0
1142 1 0 0 0 0 0 0 0 1 0 0 0 0 0 0 0 0 0 0 0
1143 1 0 0 0 0 0 0 1 0 0 0 0 0 0 0 0 0 1 0 0
1144 1 0 0 0 0 0 0 0 0 1 0 0 0 0 0 0 0 0 0 0
1145 4 0 0 0 0 0 0 0 0 1 0 0 0 0 0 0 0 0 0 0
1146 5 0 0 0 0 0 0 0 0 1 0 0 0 0 0 0 0 0 0 0
1147 3 0 0 0 0 0 0 0 0 1 0 0 0 0 0 0 0 0 0 0
1148 4 0 0 0 0 0 0 0 0 1 0 0 0 0 0 0 0 0 0 0
1149 27 0 0 0 0 0 0 0 0 1 0 0 0 0 0 0 0 0 0 0
1150 2 0 0 0 0 0 0 0 0 1 0 0 0 0 0 0 0 0 0 0
1151 2 0 0 0 0 0 0 1 0 0 0 0 0 0 0 0 0 0 0 0
1152 1 0 0 0 0 0 0 0 0 0 0 0 0 0 0 1 0 0 1 0
1153 5 0 0 0 0 0 0 0 0 1 0 0 0 1 0 0 0 0 0 0
1154 33 0 0 0 0 0 0 0 0 0 0 0 0 0 0 0 1 0 0 0
1155 2 0 0 0 0 0 1 0 0 0 0 0 0 0 0 1 0 0 0 0
1156 2 0 0 0 0 0 0 1 0 1 0 0 0 0 0 0 0 0 0 0
1157 1 0 0 0 0 0 0 0 0 0 0 0 1 0 0 0 0 0 0 0
1158 2 0 0 0 0 0 0 0 0 1 0 0 0 0 0 0 0 0 0 0
1159 19 0 0 0 0 0 0 0 0 0 0 0 0 0 1 0 1 0 0 0
1160 1 0 0 0 0 0 0 0 0 1 0 0 0 0 0 1 0 0 0 0
1161 2 0 1 0 0 0 0 0 0 1 0 0 0 0 0 0 0 0 0 0
1162 2 0 0 0 0 0 1 0 0 0 0 0 0 0 0 0 0 0 0 0
1163 2 0 0 0 0 0 0 0 0 1 0 0 0 0 0 0 0 0 0 0
1164 1 0 0 0 0 1 0 0 0 0 0 0 0 0 0 0 0 0 0 0
1165 2 0 0 0 0 0 1 0 0 1 0 0 0 0 0 0 0 0 0 0
1166 5 0 0 0 0 0 1 0 0 0 0 0 0 0 0 0 0 0 0 0
1167 4 0 0 0 0 0 1 0 0 0 0 0 0 0 0 0 0 0 0 0
1168 5 0 0 0 0 0 0 0 0 1 0 0 0 0 0 0 0 0 0 0
1169 4 0 0 0 0 0 0 0 0 1 0 0 0 0 0 0 0 0 0 0
1170 4 0 0 0 0 0 1 0 0 1 0 0 0 0 0 0 0 0 0 0
1171 4 0 0 0 0 0 0 0 0 1 0 0 0 0 0 0 0 0 0 0
1172 59 0 0 0 0 0 1 0 0 0 0 0 0 0 0 0 0 0 0 0
1173 1 0 0 0 0 0 0 0 0 1 0 0 0 0 0 1 0 0 0 0
1174 2 0 0 0 0 0 0 0 0 1 0 0 0 0 0 0 0 1 0 0
1175 1 0 0 0 0 0 0 0 0 0 0 0 0 0 0 1 0 0 0 0
1176 1 0 0 0 0 0 0 0 0 1 0 0 0 0 0 0 0 0 1 0
1177 2 0 0 0 0 0 1 0 0 0 0 0 0 0 0 0 0 0 0 0
1178 4 0 0 0 0 0 1 0 0 0 0 0 0 0 0 0 0 0 0 0
1179 3 0 0 0 0 0 1 0 0 0 0 0 0 0 0 0 0 0 0 0
1180 4 0 1 0 0 0 1 0 0 0 0 0 0 0 0 0 0 0 0 0
1181 4 0 1 0 0 0 1 0 0 0 0 0 0 0 0 0 0 0 0 0
1182 4 0 0 0 0 0 1 0 0 0 0 0 0 0 0 0 0 0 0 0
1183 4 0 1 0 0 0 1 0 0 0 0 0 0 0 0 0 0 0 0 0
1184 4 0 0 0 0 0 0 0 1 0 0 0 0 0 0 0 0 0 0 0
1185 4 0 0 0 0 0 1 0 0 0 0 0 0 0 0 0 0 0 1 0
1186 4 0 0 0 0 0 1 0 0 1 0 0 0 0 0 0 0 0 0 0
1187 23 0 0 0 0 0 0 1 0 0 0 0 0 0 0 0 0 0 0 0
1188 8 0 1 0 0 0 1 0 0 0 0 0 0 0 0 0 0 0 0 1
1189 1 0 0 0 0 0 0 0 0 1 0 0 0 0 0 0 0 0 0 0
1190 1 0 0 0 0 0 1 0 0 0 0 0 0 0 0 1 0 0 0 0
1191 0 0 0 0 0 0 0 1 0 1 0 0 0 0 0 0 0 0 0 0
1192 5 0 0 0 0 0 0 0 0 1 0 0 0 0 0 0 0 0 0 0
1193 4 0 0 0 0 0 0 0 0 1 0 0 0 0 0 0 0 0 0 0
1194 4 0 0 0 0 0 0 1 0 1 0 0 0 0 0 0 0 0 0 0
1195 5 0 0 0 0 0 0 0 0 1 0 0 0 0 0 0 0 0 0 0
1196 6 0 0 0 0 0 0 0 0 1 0 0 0 0 0 0 0 0 0 0
1197 2 0 0 0 0 0 1 0 0 1 0 0 0 0 0 0 0 0 0 0
1198 38 0 0 0 0 0 0 1 0 0 0 0 0 0 0 0 0 1 0 0
1199 2 0 0 0 0 0 1 0 0 0 0 0 1 0 0 0 0 0 0 0
1200 48 0 0 0 0 1 0 0 0 1 0 0 0 0 0 0 0 0 0 0
1201 2 0 0 0 0 0 0 0 1 0 0 0 0 0 0 0 0 0 0 0
1202 2 0 0 0 0 0 1 0 0 0 0 0 0 0 0 0 0 0 0 0
1203 63 0 0 0 0 0 1 0 0 0 0 0 0 1 0 1 0 0 0 0
1204 56 0 0 0 0 0 1 0 0 1 0 0 0 0 0 0 0 0 1 0
1205 2 0 0 0 0 0 0 0 0 1 0 0 0 0 0 0 0 0 0 0
1206 5 0 0 0 0 0 1 0 0 0 0 0 0 0 0 0 0 0 0 0
1207 3 0 0 0 0 0 0 0 0 0 0 0 0 0 0 0 0 1 0 0
1208 3 0 0 0 0 0 0 1 0 1 0 0 0 0 0 0 0 1 0 0
1209 4 0 0 0 0 0 1 0 0 0 0 0 0 0 0 0 0 0 0 0
1210 3 0 0 0 0 0 0 0 0 0 0 0 0 0 0 0 1 1 0 0
1211 4 0 0 0 0 0 0 0 0 1 0 0 0 0 0 1 0 0 0 0
1212 5 0 0 0 0 0 0 0 0 1 0 0 0 0 1 1 0 0 0 0
1213 5 0 0 0 0 0 0 1 0 1 0 0 0 0 0 0 0 1 0 0
1214 22 0 0 0 0 0 0 0 0 1 0 0 0 0 0 0 0 0 0 0
1215 2 0 1 0 0 0 0 0 0 0 0 0 0 0 0 0 1 0 0 0
1216 1 0 0 0 0 0 0 0 0 0 0 0 0 0 0 1 0 0 0 0
1217 3 0 0 0 0 0 0 0 0 0 0 0 0 0 0 0 0 1 0 0
1218 3 0 0 0 0 0 1 0 0 0 0 0 0 0 0 0 0 0 0 0
1219 3 0 0 0 1 1 1 0 0 0 0 0 0 0 0 1 0 0 0 0
1220 3 0 0 0 0 0 0 0 0 1 0 0 0 0 0 0 0 0 0 0
1221 4 0 0 0 0 0 0 0 0 1 0 0 0 0 0 0 0 0 0 0
1222 5 0 1 0 0 0 0 0 0 0 0 0 0 0 0 0 0 0 0 0
1223 5 0 0 0 0 0 0 0 0 1 0 0 0 0 0 0 0 0 0 0
1224 4 0 0 0 0 0 0 0 0 1 0 0 0 0 0 0 0 0 0 0
1225 3 0 0 0 0 0 1 0 0 0 0 0 0 0 0 0 0 0 0 0
1226 1 0 0 0 0 0 0 1 0 1 0 0 0 0 0 0 0 0 0 0
1227 3 0 0 0 0 0 0 0 0 1 0 0 0 0 0 0 0 0 0 0
1228 3 0 1 0 0 0 0 0 0 0 0 0 0 0 0 0 0 0 0 0
1229 3 0 0 0 0 0 0 0 0 1 0 0 0 0 0 0 0 1 0 0
1230 4 0 0 0 0 0 1 0 0 0 0 0 0 0 0 0 0 0 0 0
1231 8 0 1 0 0 0 0 0 0 1 0 0 0 0 0 0 0 0 0 0
1232 7 0 0 0 0 0 0 0 1 0 0 0 0 0 0 0 0 0 0 0
1233 2 0 0 0 0 0 0 0 0 1 0 0 0 0 0 0 0 0 0 0
1234 0 0 0 0 0 0 1 0 0 0 0 0 0 0 0 0 0 0 0 0
1235 4 0 0 0 0 0 0 1 0 0 0 0 0 0 0 0 0 0 0 0
1236 1 0 0 0 0 0 0 0 0 1 0 0 0 0 0 0 0 0 0 0
1237 2 0 0 0 0 0 1 0 0 1 0 0 0 0 0 0 0 0 0 0
1238 2 0 0 0 0 0 0 0 0 1 0 0 0 0 0 0 0 0 0 0
1239 3 0 1 1 0 0 0 0 0 0 0 0 0 0 0 1 0 0 0 0
1240 2 0 0 0 1 0 0 0 0 0 0 0 0 0 0 0 1 0 0 0
1241 1 0 0 0 0 0 1 0 0 1 0 0 0 0 0 0 0 0 0 0
1242 7 0 0 0 0 0 1 0 0 0 0 0 0 0 0 0 0 0 0 0
1243 0 0 0 0 0 0 0 0 0 0 0 0 1 0 0 0 0 0 0 0
1244 1 0 1 0 0 0 0 0 0 0 0 0 0 0 0 0 0 0 0 0
1245 1 0 0 0 0 0 0 1 0 0 0 0 0 0 0 0 0 0 0 0
1246 3 0 0 0 0 0 1 0 0 0 0 0 0 0 0 0 0 0 0 0
1247 4 0 0 0 0 0 0 0 0 0 0 0 0 0 0 0 0 0 0 1
1248 4 0 0 0 0 0 0 0 0 0 0 0 0 0 0 0 0 1 0 0
1249 5 0 0 0 0 0 1 0 0 0 0 0 0 0 0 0 0 0 0 0
1250 3 0 1 0 0 0 0 0 0 0 0 0 0 0 0 0 0 0 0 0
1251 1 0 0 0 0 0 1 0 0 0 0 0 0 0 0 0 0 0 0 0
1252 1 0 0 0 0 0 0 0 0 1 0 0 0 0 0 0 0 0 0 0
1253 3 0 0 0 0 0 0 0 0 0 0 0 0 0 0 0 0 1 0 0
1254 1 0 0 0 0 0 1 0 0 0 0 0 0 0 0 0 0 0 0 0
1255 1 0 0 0 0 0 0 0 0 1 0 0 0 0 0 0 0 0 0 0
1256 1 0 0 0 0 0 0 0 0 1 0 0 0 0 0 0 0 0 0 0
1257 1 0 0 0 0 0 0 0 0 1 0 0 0 0 0 0 0 0 0 0
1258 1 0 0 0 0 0 1 0 0 0 0 0 0 0 0 1 0 0 0 0
1259 2 0 0 0 0 0 1 0 0 0 0 0 0 0 0 1 0 0 0 0
1260 3 0 0 0 0 0 0 0 0 1 0 0 0 0 0 0 0 0 0 0
1261 3 0 0 0 0 0 0 0 0 1 0 0 0 0 0 0 0 0 0 0
1262 2 0 0 0 0 0 0 0 0 0 0 0 0 0 0 1 0 0 0 0
1263 2 0 0 0 0 0 0 0 0 1 0 0 0 0 0 0 0 0 0 0
1264 2 0 0 0 0 0 0 0 0 1 0 0 0 0 0 0 0 0 0 0
1265 1 0 0 0 0 0 0 0 0 1 0 0 0 0 0 0 0 0 0 0
1266 25 0 0 0 0 0 0 0 0 1 0 0 0 0 0 0 0 0 0 0
1267 3 0 0 0 0 0 0 0 0 1 0 0 0 0 0 0 0 0 0 0
1268 6 0 0 0 0 0 0 0 0 1 0 0 0 0 0 0 0 0 0 0
1269 41 0 0 0 0 0 1 0 0 0 0 0 0 0 0 1 0 0 0 0
1270 5 0 0 0 0 0 1 0 0 0 0 0 0 0 0 0 0 0 0 0
1271 4 0 0 0 0 0 1 0 0 0 0 0 0 0 0 0 0 0 0 0
1272 4 0 0 0 0 0 1 0 0 1 0 0 0 0 0 0 0 0 0 0
1273 4 0 0 0 0 0 0 0 0 1 0 0 0 0 0 0 0 1 0 0
1274 5 0 0 0 0 0 0 0 0 0 0 0 0 0 0 0 1 1 0 0
1275 4 0 0 0 0 0 0 0 0 0 0 0 0 0 0 0 0 1 0 0
1276 2 0 0 0 0 0 0 0 0 1 0 0 0 0 0 0 0 0 0 0
1277 2 0 1 0 0 0 0 1 0 0 0 0 0 0 0 0 0 0 0 0
1278 1 0 0 0 0 0 0 0 0 1 0 0 0 1 0 0 0 0 0 0
1279 1 0 0 1 0 1 0 0 0 0 0 0 0 0 0 0 0 0 0 0
1280 1 0 0 0 0 0 0 1 0 0 0 0 0 0 0 0 0 0 0 0
1281 2 0 0 0 0 0 0 0 0 1 0 0 0 0 0 0 0 0 0 0
1282 2 0 0 0 0 0 0 0 0 1 0 0 0 0 0 0 0 0 0 0
1283 1 0 0 0 0 0 1 0 0 0 0 0 0 0 0 0 0 0 0 0
1284 2 0 0 0 0 0 0 0 0 1 0 0 0 0 1 0 0 0 0 0
1285 4 0 0 0 0 0 0 0 0 1 0 0 0 0 0 0 0 0 0 0
1286 61 0 0 0 0 0 1 0 0 0 0 0 0 1 0 1 0 0 0 0
1287 2 0 0 0 0 0 1 0 0 0 0 0 0 0 0 0 0 0 0 0
1288 2 0 0 0 0 0 1 0 0 0 0 0 0 0 0 0 0 0 0 0
1289 2 0 0 0 0 0 0 0 0 0 0 0 0 0 0 1 0 0 0 0
1290 4 0 0 0 0 0 0 0 0 1 0 0 0 0 0 1 0 0 0 0
1291 2 0 0 0 0 0 1 0 0 0 0 0 0 0 0 0 0 0 0 0
1292 1 0 0 0 0 1 0 0 0 0 1 0 0 0 0 0 0 0 0 0
1293 0 0 0 1 0 1 0 0 0 0 1 0 0 0 0 0 1 0 0 0
1294 0 0 0 0 0 0 0 0 1 0 0 0 0 0 0 0 0 0 0 0
1295 1 0 0 0 0 0 1 0 0 1 0 0 0 0 0 0 0 0 0 0
1296 2 0 0 0 0 0 1 0 0 1 0 0 0 0 0 0 0 0 0 0
1297 4 0 0 0 0 0 0 0 0 1 0 0 0 0 0 1 0 0 0 0
1298 45 0 0 0 0 0 1 0 0 0 0 0 0 1 0 0 0 0 0 0
1299 57 0 0 0 0 0 0 0 0 1 0 0 0 0 0 1 0 0 0 0
1300 1 0 0 0 0 0 0 0 0 1 0 0 0 0 0 1 0 0 0 0
1301 17 0 0 0 0 0 1 0 0 0 0 0 0 0 0 0 0 0 0 0
1302 1 0 0 0 0 0 1 0 0 0 0 0 0 0 0 0 0 0 0 0
1303 4 0 1 0 0 0 0 0 0 0 0 0 0 0 0 0 0 0 0 0
1304 2 0 1 0 0 0 0 1 0 0 0 0 0 0 0 0 0 0 0 0
1305 3 0 0 0 0 0 1 0 0 0 0 0 0 0 0 0 0 0 0 0
1306 4 0 0 0 0 0 0 0 0 1 0 0 0 0 0 0 0 0 0 0
1307 4 0 0 0 0 0 0 0 1 0 0 0 0 0 0 0 0 0 0 0
1308 4 0 0 0 0 0 1 0 0 1 0 0 0 0 0 0 0 0 0 0
1309 24 0 0 0 0 0 0 0 0 1 0 0 0 0 0 0 0 0 0 0
1310 53 0 0 0 0 0 0 0 0 1 0 0 0 0 0 0 0 0 0 0
1311 2 0 0 0 0 0 1 0 0 1 0 0 0 0 0 0 0 0 0 0
1312 2 0 0 0 0 0 1 0 0 1 0 0 0 0 0 0 0 0 0 0
1313 0 0 0 0 0 0 0 0 0 0 0 1 0 0 1 0 0 1 0 0
1314 4 0 1 1 0 0 0 0 0 0 0 0 0 0 0 0 0 1 0 0
1315 1 0 0 0 0 0 0 0 0 1 0 0 0 0 0 1 0 0 0 0
1316 1 0 0 0 0 0 0 0 0 1 0 0 0 0 0 0 0 0 0 0
1317 2 0 0 0 0 0 0 0 0 1 0 0 0 0 0 0 0 0 0 0
1318 2 0 0 0 0 0 0 0 1 0 0 0 0 0 0 0 0 0 0 0
1319 2 0 0 0 0 0 0 0 0 1 0 0 0 0 0 0 0 0 0 0
1320 2 0 0 0 0 0 0 0 0 1 0 0 0 0 0 0 0 0 0 0
1321 2 0 0 0 0 0 1 0 0 0 0 0 0 0 0 0 0 0 0 0
1322 5 0 0 0 0 0 1 0 0 0 0 0 0 0 0 0 0 0 0 0
1323 4 0 0 0 0 0 0 0 0 1 0 0 0 0 0 0 0 0 0 0
1324 2 0 0 0 0 0 0 0 0 1 0 0 0 0 0 0 0 1 0 0
1325 2 0 0 0 0 0 0 0 0 1 0 0 0 0 0 0 0 0 0 0
1326 2 0 0 0 0 0 0 0 0 1 0 0 0 0 0 0 0 0 0 0
1327 4 0 0 0 0 0 0 0 0 1 0 0 0 0 0 0 0 0 0 0
1328 2 0 0 0 0 0 0 0 0 1 0 0 0 0 0 0 0 0 0 0
1329 2 0 0 0 0 0 0 0 0 1 0 0 0 0 0 0 0 0 0 0
1330 4 0 0 0 0 0 0 0 0 1 0 0 0 0 0 0 0 0 0 0
1331 3 0 0 0 0 0 0 0 1 0 0 0 0 0 0 0 0 0 0 0
1332 5 0 0 0 0 0 0 0 0 1 0 0 0 0 0 0 0 0 0 0
1333 4 0 0 0 0 0 1 0 0 1 0 0 0 0 0 0 0 0 0 0
1334 2 0 0 0 0 0 0 0 0 1 0 0 0 0 0 0 0 0 0 0
1335 2 0 0 0 0 0 0 0 0 1 0 0 0 0 0 0 0 0 0 0
1336 2 0 0 0 0 1 1 0 0 0 1 0 0 0 0 0 0 0 0 0
1337 2 0 0 0 0 0 1 0 0 0 0 0 0 0 0 0 0 0 0 0
1338 2 0 0 0 0 0 0 0 0 1 0 0 0 0 0 0 0 0 0 0
1339 5 0 0 0 0 0 1 0 0 1 0 0 0 0 0 0 0 0 0 0
1340 3 0 0 0 0 0 0 0 0 0 0 0 0 0 0 1 0 0 0 0
1341 6 0 0 0 0 0 0 0 0 1 0 0 0 0 0 0 0 0 0 0
1342 2 0 0 0 0 0 0 0 0 1 0 0 0 0 0 0 0 0 0 0
1343 3 0 0 0 0 0 0 0 0 1 0 0 0 0 0 0 0 0 0 0
1344 5 0 0 0 0 0 0 0 0 1 0 0 0 0 0 0 0 0 0 0
1345 4 0 0 0 0 0 0 0 0 1 0 0 0 0 0 0 0 0 0 0
1346 6 0 0 0 0 0 0 0 0 1 0 0 0 0 0 0 0 0 0 0
1347 40 0 0 0 0 0 0 0 0 1 0 0 0 0 0 0 0 0 0 0
1348 8 0 0 0 0 0 0 0 0 1 0 0 0 0 0 0 0 0 0 0
1349 5 0 0 0 0 0 1 0 0 0 0 0 0 0 0 0 0 0 0 0
1350 49 0 0 0 0 0 0 0 0 1 0 0 0 0 0 0 0 0 0 0
1351 2 0 0 0 0 0 1 0 0 0 0 0 0 0 0 0 0 0 0 0
1352 22 0 0 0 0 0 0 0 0 1 0 0 0 0 0 0 0 0 0 0
1353 4 0 0 0 0 0 0 0 0 0 0 0 0 0 0 1 0 0 0 0
1354 6 0 0 0 0 0 0 0 0 1 0 0 0 0 0 0 0 0 0 0
1355 2 0 0 0 0 0 0 0 0 1 0 0 0 0 0 0 0 0 0 0
1356 2 0 0 0 0 0 1 0 0 0 0 0 0 0 0 0 0 0 0 0
1357 4 0 0 0 0 0 0 0 0 0 0 0 0 0 0 1 0 0 1 0
1358 2 0 1 0 0 0 0 0 0 0 0 0 0 0 0 0 0 0 0 0
1359 2 0 0 0 0 0 0 0 0 1 0 0 0 0 0 0 0 0 0 0
1360 4 0 0 0 0 0 1 0 0 0 0 0 0 0 0 0 0 0 0 0
1361 2 0 0 0 0 0 1 0 0 0 0 0 0 0 0 0 0 0 0 0
1362 2 0 1 0 0 0 0 0 0 0 0 0 0 0 0 0 0 0 0 0
1363 2 0 0 0 0 0 0 0 1 0 0 0 0 0 0 0 0 0 0 0
1364 2 0 1 0 0 0 0 0 0 0 0 0 0 0 0 0 0 0 0 0
1365 5 0 1 0 0 0 0 0 0 1 0 0 0 0 0 0 0 0 0 0
1366 4 0 0 0 0 0 0 0 1 1 0 0 0 0 0 0 0 0 0 0
1367 4 0 0 0 1 0 0 0 0 0 0 0 0 0 0 0 0 0 0 0
1368 4 0 0 0 0 0 0 0 0 1 0 0 0 0 0 0 0 0 0 0
1369 48 0 0 0 0 0 0 0 0 1 0 0 0 0 0 0 0 0 0 0
1370 4 0 0 0 0 0 0 0 0 1 0 0 0 0 0 0 0 1 0 0
1371 4 0 0 0 0 0 1 0 0 0 0 0 1 0 0 0 0 0 0 0
1372 4 0 1 0 0 0 0 0 0 0 0 0 0 0 0 0 0 0 0 0
1373 27 1 0 0 0 0 0 0 0 0 0 0 0 0 0 0 0 0 0 0
1374 18 0 0 0 0 0 1 0 0 0 0 0 0 0 0 0 0 0 0 0
1375 5 0 0 0 0 0 0 0 0 1 0 0 0 0 0 0 0 0 0 0
1376 1 0 0 0 0 0 1 0 0 0 0 0 0 0 0 0 0 0 0 0
1377 1 0 0 0 0 0 1 0 0 0 0 0 0 0 0 1 0 0 0 0
1378 1 0 0 0 0 0 0 0 1 0 0 0 0 0 0 0 0 0 0 0
1379 1 0 0 0 0 0 0 0 0 0 0 0 0 0 0 1 0 0 0 0
1380 1 0 0 0 0 0 0 0 0 1 0 0 0 0 0 0 0 0 0 0
1381 2 0 0 0 0 0 0 0 0 1 0 0 0 0 0 0 0 0 0 0
1382 1 0 0 0 0 0 0 0 0 1 0 0 0 0 0 0 0 0 0 0
1383 1 0 0 1 0 1 0 0 0 0 0 0 0 0 0 0 0 0 0 0
1384 1 0 0 0 0 0 0 0 0 1 0 0 0 0 0 0 0 0 0 0
1385 1 0 0 0 0 0 1 0 0 0 0 0 0 0 0 1 0 0 0 0
1386 1 0 0 0 0 0 0 0 0 0 0 0 0 0 0 0 1 0 0 0
1387 1 0 0 0 0 0 0 0 0 0 0 0 0 0 0 1 0 0 0 0
1388 1 0 0 0 0 0 0 0 0 1 0 0 0 0 0 0 0 0 0 0
1389 1 0 0 0 0 0 0 0 0 1 0 0 0 0 0 0 0 0 0 0
1390 1 0 0 0 0 0 0 1 0 0 0 0 0 0 0 0 0 0 0 0
1391 1 0 0 0 0 0 0 0 0 1 0 0 0 0 0 0 0 0 0 0
1392 1 0 0 0 0 0 0 0 0 1 0 0 0 0 0 0 0 0 0 0
1393 1 0 1 0 0 0 0 0 0 0 0 0 0 0 0 0 0 1 0 0
1394 1 0 0 0 0 0 0 0 0 0 0 0 0 0 0 1 0 0 0 0
1395 0 0 0 0 0 0 0 0 0 1 0 0 0 0 0 0 0 0 0 0
1396 2 0 0 0 0 0 0 0 0 1 0 0 0 0 0 0 0 0 0 0
1397 64 0 0 0 0 0 0 0 0 1 0 0 0 0 0 0 0 0 0 0
1398 2 0 0 0 0 0 0 0 0 1 0 0 0 0 0 0 0 0 0 0
1399 1 0 0 0 0 0 0 0 0 0 0 0 0 0 0 0 0 1 0 0
1400 3 0 0 0 0 0 0 0 0 1 0 0 0 0 0 1 0 0 0 0
1401 5 0 0 0 0 0 0 0 0 1 0 0 0 0 0 0 0 0 0 0
1402 5 0 0 0 0 0 0 0 0 1 0 0 0 0 0 0 0 0 0 0
1403 4 0 0 0 0 0 1 0 0 1 0 0 0 0 0 0 0 0 0 0
1404 11 0 0 0 0 0 1 0 0 0 0 0 0 0 0 0 0 0 0 0
1405 1 0 0 0 0 0 0 0 0 1 0 0 0 0 0 0 0 0 0 0
1406 3 0 0 0 0 0 0 0 0 1 0 0 0 0 0 1 0 0 0 0
1407 4 0 1 0 0 0 0 0 0 0 0 0 0 0 0 0 0 0 0 0
1408 3 0 0 0 0 0 1 0 0 0 0 0 0 0 0 0 0 0 0 0
1409 4 0 0 0 1 1 0 0 0 0 0 0 0 0 0 0 0 0 0 0
1410 5 0 0 0 0 0 0 0 0 1 0 0 0 0 0 0 0 0 0 0
1411 30 0 0 1 0 0 0 0 0 0 0 0 0 0 0 0 1 0 0 0
1412 3 0 0 0 1 1 0 0 0 0 0 0 0 0 0 0 0 0 0 0
1413 4 0 1 0 0 0 0 0 0 0 0 0 0 0 0 0 0 0 0 0
1414 3 0 1 0 0 0 0 0 0 0 0 0 0 0 0 0 0 0 0 0
1415 4 0 1 0 0 1 0 0 0 0 0 0 0 0 0 0 0 0 0 0
1416 4 0 1 0 0 0 0 0 0 0 0 0 0 0 0 0 1 0 0 0
1417 1 0 0 0 0 0 0 0 0 1 0 0 0 0 0 0 0 0 0 0
1418 5 0 0 0 0 0 0 0 0 1 0 0 0 0 0 0 0 0 0 0
1419 4 0 1 0 0 0 0 0 0 0 0 0 0 0 0 0 1 0 0 0
1420 1 0 0 0 0 0 1 0 0 0 0 0 0 0 0 0 0 0 0 0
1421 5 0 0 0 0 0 0 0 0 1 0 0 0 0 0 0 0 0 0 0
1422 5 0 0 0 0 0 0 0 0 0 0 1 0 0 0 0 0 1 0 0
1423 3 0 0 0 0 0 0 0 0 1 0 0 0 0 0 0 0 0 1 0
1424 4 0 0 0 0 0 1 0 0 1 0 0 0 0 0 1 0 0 0 0
1425 4 0 0 0 0 0 1 0 0 1 0 0 0 0 0 0 0 0 0 0
1426 2 0 0 0 0 0 1 0 0 1 0 0 0 0 0 0 0 0 0 0
1427 2 0 0 0 0 0 0 0 0 1 0 0 0 0 0 0 0 0 0 0
1428 1 0 0 0 0 0 1 0 0 0 0 0 0 0 0 0 0 0 0 0
1429 0 0 0 0 0 0 0 0 0 1 0 0 0 0 0 1 0 0 0 0
1430 1 0 0 0 0 0 0 0 0 1 0 0 0 0 0 0 0 0 0 0
1431 1 0 0 0 0 0 0 0 0 0 0 0 0 0 0 0 0 1 0 0
1432 0 0 0 0 0 0 0 0 0 1 0 0 0 0 0 0 0 0 0 0
1433 1 0 1 0 0 0 0 0 0 1 0 0 0 0 0 0 0 0 0 0
1434 0 0 0 0 0 0 0 0 0 0 0 0 0 0 0 1 0 0 0 0
1435 3 0 0 0 0 0 1 0 0 0 0 0 0 0 0 0 0 0 0 0
1436 5 0 0 0 0 0 0 0 0 1 0 0 0 0 0 1 0 0 0 0
1437 4 0 0 0 0 0 1 0 0 0 0 0 0 0 0 0 0 0 0 0
1438 3 0 0 0 0 0 0 0 0 1 0 0 0 0 0 0 0 0 0 0
1439 4 0 0 0 0 0 0 1 0 1 0 0 0 0 0 0 0 0 0 0
1440 4 0 0 0 0 0 0 0 0 1 0 0 0 0 0 0 0 0 0 0
1441 3 0 0 0 0 0 0 0 0 1 0 0 0 0 0 1 0 0 0 0
1442 3 0 0 0 0 0 0 0 0 1 0 0 0 0 0 0 0 0 0 0
1443 4 0 0 0 0 0 0 0 0 1 0 0 0 0 0 0 0 0 0 0
1444 33 0 0 0 0 1 1 0 0 0 0 0 0 0 1 0 0 0 0 0
1445 4 0 0 0 0 0 0 0 0 1 0 0 0 0 0 0 0 0 0 0
1446 3 0 0 0 0 0 1 0 0 0 0 0 0 0 0 0 0 0 0 0
1447 5 0 0 0 0 0 0 0 0 1 0 0 0 0 0 0 0 0 0 0
1448 2 0 0 0 0 0 0 0 0 1 0 0 0 0 0 0 0 0 0 0
1449 2 0 0 0 0 0 0 0 0 1 0 0 0 0 0 0 0 0 0 0
1450 51 0 0 1 0 0 0 0 0 0 0 0 0 0 0 1 0 0 0 0
1451 58 0 0 0 0 0 0 0 0 0 0 0 0 0 0 0 0 1 0 0
1452 55 0 0 0 0 0 1 0 0 0 0 0 0 0 1 0 0 0 0 0
1453 52 0 0 0 0 0 0 1 0 1 0 0 0 0 0 0 0 0 0 0
1454 51 0 0 0 0 0 0 0 0 0 0 0 0 0 0 0 0 0 0 1
1455 55 0 0 0 0 0 0 0 0 0 0 0 0 0 0 0 0 0 0 1
1456 44 0 0 0 0 0 1 0 0 1 0 0 0 0 0 0 0 0 0 0
1457 2 0 0 0 0 0 1 0 0 1 0 0 0 0 0 0 0 0 0 0
1458 61 0 0 0 0 0 1 0 0 0 0 0 0 1 0 1 0 0 0 0
1459 2 0 0 0 0 0 0 0 0 0 0 0 0 1 0 0 0 0 0 0
1460 2 0 0 0 0 0 1 0 0 1 0 0 0 0 0 0 0 0 0 0
1461 63 0 0 0 0 0 1 0 0 0 0 0 0 0 0 0 0 0 0 0
1462 2 0 0 0 0 0 0 1 0 1 0 0 0 0 0 1 0 0 0 0
1463 1 0 0 0 0 0 1 0 0 0 0 0 0 0 0 0 0 0 0 0
1464 3 0 0 0 0 0 0 0 0 1 0 0 0 0 0 0 0 0 0 0
1465 3 0 0 0 0 0 1 0 0 1 0 0 0 0 0 0 0 0 0 0
1466 3 0 0 0 0 0 0 0 0 1 0 0 0 0 0 0 0 0 0 0
1467 5 0 0 0 0 0 0 0 0 1 0 0 0 0 0 0 0 0 0 0
1468 3 0 0 0 0 0 0 0 0 1 0 0 0 0 0 0 0 0 0 0
1469 3 0 0 1 0 1 0 0 0 0 0 0 0 0 0 0 0 0 0 0
1470 3 0 0 0 1 1 0 0 0 0 0 0 0 0 0 0 0 0 0 0
1471 3 0 0 0 0 0 0 0 0 0 0 0 0 0 0 0 0 1 0 0
1472 2 0 0 0 0 0 1 0 0 0 0 0 0 0 0 0 1 0 0 0
1473 59 0 0 0 0 1 0 0 0 1 0 0 0 0 0 0 0 0 0 0
1474 4 0 0 0 0 0 1 0 0 0 0 0 0 0 0 1 0 0 0 0
1475 5 0 0 0 0 0 1 0 0 1 0 0 0 0 0 0 0 0 0 0
1476 50 0 0 0 0 0 0 0 0 0 0 1 0 0 0 0 0 0 0 0
1477 1 0 0 0 0 0 0 0 0 0 0 0 1 0 0 0 0 1 0 0
1478 3 0 1 0 0 0 0 1 0 1 0 0 0 0 0 0 0 0 0 0
1479 3 0 0 0 0 0 1 0 0 0 0 0 0 0 0 0 0 0 0 0
1480 24 0 0 1 0 1 1 0 0 0 0 0 0 0 0 0 0 0 0 0
1481 4 0 0 0 0 0 0 0 0 1 0 0 0 0 0 0 0 0 0 0
1482 2 0 0 0 0 0 0 0 1 0 0 0 0 0 0 0 0 0 0 0
1483 0 0 1 0 0 0 0 0 0 1 0 0 0 0 0 1 0 0 0 0
1484 4 0 1 0 0 0 1 0 0 0 0 0 0 0 0 0 0 0 0 0
1485 4 0 0 0 0 0 0 0 0 1 0 0 0 0 0 1 0 0 1 0
1486 3 0 0 0 0 0 0 0 0 1 0 0 0 0 0 0 0 0 0 0
1487 5 0 0 0 0 0 1 0 0 0 0 0 0 0 0 1 0 0 0 0
1488 5 0 0 0 0 0 0 0 0 1 0 0 0 0 0 0 0 0 0 0
1489 4 0 0 0 0 0 1 0 0 0 0 0 0 0 0 0 0 0 0 0
1490 5 0 0 0 0 0 1 0 0 0 0 0 0 0 0 0 0 0 0 0
1491 3 0 1 0 0 0 0 0 0 1 0 0 0 0 0 0 0 1 0 0
1492 4 0 0 0 0 0 1 0 0 0 0 0 0 0 0 0 0 0 0 0
1493 2 0 0 0 0 0 0 0 0 0 0 0 0 0 0 1 0 0 0 0
1494 2 0 0 0 0 0 1 0 0 0 0 0 0 0 0 0 0 0 0 0
1495 2 0 0 0 0 0 0 0 0 1 0 0 0 0 0 0 0 0 0 0
1496 2 0 0 0 0 0 1 1 0 0 0 0 0 0 0 0 0 0 0 0
1497 2 0 0 0 0 0 0 0 1 0 0 0 0 0 0 0 0 0 0 0
1498 1 0 0 0 0 0 1 0 0 0 0 0 0 0 0 0 0 0 0 0
1499 4 0 0 0 0 0 1 0 0 0 0 0 0 0 0 0 0 0 0 0
1500 2 0 0 0 0 0 1 0 0 0 0 0 0 0 0 0 0 0 0 0
1501 1 0 0 0 0 0 0 0 0 0 0 0 0 0 0 0 0 0 1 0
1502 4 0 0 0 0 0 1 0 0 0 0 0 0 0 0 1 0 0 0 0
1503 3 0 0 1 0 1 0 0 0 0 0 0 0 0 0 0 0 0 0 0
1504 2 0 0 0 0 0 1 0 0 0 0 0 0 0 0 0 0 0 0 0
1505 2 0 0 0 0 0 0 1 0 1 0 0 0 0 0 0 0 0 0 0
1506 2 0 0 0 0 0 0 0 0 1 0 0 0 0 0 0 0 0 0 0
1507 2 0 0 0 0 0 1 0 0 0 0 0 0 0 0 0 0 0 0 0
1508 3 0 0 0 0 0 0 0 0 1 0 0 0 0 0 0 0 1 0 0
1509 4 0 0 0 0 0 1 0 0 0 0 0 0 0 0 0 0 0 0 0
1510 2 0 0 0 0 0 0 1 0 0 0 0 0 0 0 0 0 0 0 0
1511 1 0 0 0 0 0 1 0 0 0 0 0 0 0 0 0 0 0 0 0
1512 2 0 0 0 0 0 0 0 0 1 0 0 0 0 0 0 0 0 0 0
1513 1 0 0 0 0 0 1 0 0 0 0 0 0 0 0 0 0 0 0 0
1514 1 0 0 0 0 0 0 0 0 1 0 0 0 0 0 0 0 0 0 0
1515 3 0 0 1 0 0 0 0 0 0 0 0 0 0 0 1 0 0 0 0
1516 4 0 0 0 0 0 0 0 0 1 0 0 0 0 0 0 0 0 0 0
1517 2 0 0 0 0 0 0 0 0 1 0 0 0 0 0 0 0 0 0 0
1518 3 0 0 0 0 0 0 0 0 1 0 0 0 0 0 0 0 0 0 0
1519 3 0 0 0 0 0 0 1 0 1 0 0 0 0 0 0 0 0 0 0
1520 3 0 0 0 0 0 0 0 0 0 0 0 1 0 0 0 0 0 0 0
1521 5 0 0 0 0 0 1 0 0 0 0 0 0 0 0 1 0 0 0 0
1522 4 0 0 0 0 0 0 0 0 0 0 0 0 0 0 0 0 1 0 0
1523 4 0 1 1 0 0 0 0 0 0 0 0 0 0 0 0 0 0 0 0
1524 2 0 0 0 0 0 0 0 0 1 0 0 0 0 0 0 0 0 0 0
1525 0 0 0 0 0 0 1 0 0 0 0 0 0 0 0 1 0 0 0 0
1526 13 0 0 0 0 0 0 0 0 1 0 0 0 0 0 1 0 1 0 0
1527 0 0 0 0 0 0 1 0 0 0 0 0 0 0 0 0 0 0 0 0
1528 1 0 0 0 0 0 0 0 0 1 0 0 0 0 0 0 0 0 0 0
1529 2 0 0 0 0 0 0 0 0 0 0 0 0 0 0 0 0 0 1 0
1530 3 0 0 0 0 0 0 0 0 1 0 0 0 0 0 0 0 0 0 0
1531 3 0 0 1 0 1 0 0 0 0 0 0 0 0 0 0 0 0 0 0
1532 4 0 0 0 0 0 0 0 0 1 0 0 0 0 0 0 0 0 0 0
1533 5 0 0 0 0 0 0 0 0 1 0 0 0 0 0 0 0 0 0 0
1534 1 0 0 0 0 0 1 1 0 0 0 0 0 0 0 0 0 0 0 0
1535 4 0 0 0 0 0 0 0 0 1 0 0 0 0 0 0 0 0 0 0
1536 2 0 0 0 0 0 0 0 0 1 0 0 0 0 0 0 0 0 0 0
1537 1 0 0 0 0 0 1 0 0 0 0 0 0 0 0 0 0 0 0 0
1538 1 0 0 0 0 0 0 0 0 1 0 0 0 0 0 0 0 0 0 0
1539 5 0 0 0 0 0 0 0 0 1 0 0 0 0 0 0 0 0 0 0
1540 3 0 0 1 0 1 0 0 0 0 0 0 0 0 0 0 0 0 0 0
1541 4 0 0 0 0 0 0 0 0 1 0 0 0 0 0 0 0 0 0 0
1542 72 0 0 0 0 0 0 0 0 1 0 0 0 0 0 0 0 0 0 0
1543 2 0 0 0 0 0 0 0 0 1 0 0 0 0 0 0 0 0 0 0
1544 3 0 0 0 0 0 1 0 0 0 0 0 0 0 0 0 0 0 0 0
1545 3 0 0 0 0 0 0 0 0 1 0 0 0 0 0 1 0 0 0 0
1546 10 0 0 0 0 0 0 0 0 1 0 0 0 0 0 0 0 0 0 0
1547 3 0 0 0 0 0 0 0 1 0 0 0 0 0 0 0 0 0 0 0
1548 3 0 1 0 0 0 0 0 0 0 0 0 0 0 0 0 0 1 0 0
1549 3 0 0 0 0 0 0 0 0 0 0 0 0 0 0 0 0 1 0 0
1550 3 0 0 0 0 0 1 0 0 0 0 0 0 0 0 0 0 0 0 0
1551 4 0 0 0 0 0 0 0 0 1 0 0 0 0 0 0 0 0 0 0
1552 3 0 1 0 0 0 0 0 0 0 0 0 0 0 0 0 0 0 0 0
1553 3 0 0 0 0 0 0 0 0 0 0 0 0 0 1 0 0 1 0 0
1554 4 0 0 0 0 0 0 0 0 1 0 0 0 0 0 0 0 0 0 0
1555 5 0 0 1 0 1 0 0 0 0 0 0 0 0 0 0 0 0 0 0
1556 3 0 1 0 0 0 0 0 0 1 0 0 0 0 0 0 0 1 0 0
1557 2 0 0 0 0 0 1 0 0 1 0 0 0 0 0 0 0 0 0 0
1558 2 0 0 0 0 0 0 0 0 1 0 0 0 0 0 0 0 0 0 0
1559 4 0 1 0 0 0 0 0 0 1 0 0 0 0 0 0 0 1 0 0
1560 17 0 0 0 0 0 0 1 0 0 0 0 0 0 0 0 0 0 0 0
1561 4 0 0 0 0 0 0 0 1 1 0 0 0 0 0 0 0 0 0 0
1562 5 0 0 0 0 0 0 0 1 0 0 0 0 0 0 0 0 0 0 0
1563 4 0 0 0 0 0 0 0 0 0 0 0 0 0 0 1 0 0 0 0
1564 7 0 0 0 0 0 0 0 0 1 0 0 0 0 0 0 0 0 0 0
1565 6 0 0 0 0 0 0 0 0 1 0 0 0 0 0 0 0 0 0 0
1566 55 0 0 0 0 0 0 0 0 1 0 0 0 0 0 0 0 0 0 0
1567 6 0 0 0 0 0 1 0 0 0 0 0 0 0 0 0 0 0 0 0
1568 6 0 0 0 0 0 1 0 0 0 0 0 0 0 0 1 0 0 0 0
1569 11 0 0 0 0 0 1 0 0 1 0 0 0 0 0 0 0 0 0 0
1570 6 0 0 0 0 0 1 0 0 0 0 0 0 0 0 0 0 0 0 0
1571 25 0 0 0 0 0 0 0 0 1 0 0 0 0 0 0 0 0 0 0
1572 16 0 0 0 0 0 0 0 0 1 0 0 0 0 0 0 0 0 0 0
1573 30 0 0 0 0 0 0 0 0 0 0 0 1 0 0 0 0 0 0 0
1574 3 0 0 0 0 0 0 0 0 0 0 0 0 0 0 0 0 0 1 0
1575 8 0 0 0 0 0 0 0 0 1 0 0 0 0 0 0 0 0 0 0
1576 11 0 0 0 0 0 0 0 0 0 1 0 0 0 0 0 0 0 0 0
1577 42 0 0 0 0 0 0 0 0 1 0 0 0 0 0 0 0 0 0 0
1578 31 0 0 0 0 0 0 0 0 1 0 0 0 0 0 0 0 0 0 0
1579 10 0 0 0 0 0 0 0 0 0 0 0 0 0 0 0 0 1 0 0
1580 65 0 0 0 0 0 0 0 0 0 0 0 0 0 0 1 0 0 0 0
1581 48 0 0 0 0 0 0 0 0 0 0 0 0 0 1 0 0 0 0 0
1582 51 0 0 0 0 0 0 0 0 0 0 1 0 0 0 0 0 0 0 0
1583 12 0 0 0 0 0 0 0 0 1 0 0 0 0 0 0 0 0 0 0
1584 52 0 0 0 0 0 0 0 0 1 0 0 0 0 0 0 0 0 0 0
1585 8 0 0 0 0 0 0 0 1 0 0 0 0 0 0 0 0 0 0 0
1586 6 0 1 0 0 0 0 1 0 1 0 0 0 0 0 0 0 0 0 0
1587 40 0 0 0 0 0 0 0 0 0 0 0 0 0 0 0 0 0 0 1
1588 1 0 0 0 0 0 1 0 0 1 0 0 0 0 0 0 0 0 0 0
1589 1 0 0 0 0 0 1 0 0 0 0 0 0 0 0 0 0 0 0 0
1590 1 0 0 0 0 0 0 0 0 1 0 0 0 0 0 0 0 0 0 0
1591 0 0 0 0 0 0 0 0 0 1 0 0 0 0 0 0 0 0 0 0
1592 0 0 0 0 0 0 0 0 0 1 0 0 0 0 0 0 0 0 0 0
1593 2 0 0 0 0 0 1 0 0 0 0 0 0 0 0 0 0 0 0 0
1594 0 0 0 0 0 0 0 0 1 0 0 0 0 0 0 0 0 0 0 0
1595 2 0 1 0 0 0 0 0 0 0 0 0 0 0 0 0 0 1 0 0
1596 3 0 1 0 0 0 0 0 0 0 0 0 0 0 0 0 1 1 0 0
1597 6 0 1 0 0 0 0 0 0 1 0 0 0 0 0 0 0 0 0 0
1598 1 0 0 0 0 0 0 1 0 0 0 0 0 0 0 0 0 1 0 0
1599 2 0 0 0 0 0 0 0 0 1 0 0 0 0 0 0 0 0 0 0
1600 1 0 0 0 0 0 1 0 0 0 0 0 0 0 0 0 0 0 0 0
1601 1 0 0 0 0 0 0 0 0 0 0 0 0 0 0 0 0 1 0 0
1602 0 0 0 0 0 0 0 0 0 1 0 0 0 0 0 0 0 0 0 0
1603 2 0 0 0 0 0 0 0 0 1 0 0 0 0 0 0 0 0 0 0
1604 50 0 0 0 0 0 0 1 0 0 0 1 0 0 0 0 0 1 0 0
1605 1 0 0 0 0 0 1 0 0 0 0 0 0 0 0 0 0 0 0 0
1606 1 0 0 0 0 0 0 1 0 0 0 0 0 0 0 0 0 0 0 0
1607 0 0 0 0 0 0 0 0 0 1 0 0 0 0 0 0 0 0 0 0
1608 1 0 0 1 0 1 0 0 0 1 0 0 0 0 0 0 0 0 0 0
1609 1 0 0 0 0 0 1 0 0 0 0 0 0 0 0 0 0 0 0 0
1610 1 0 1 0 0 0 0 1 0 0 0 0 0 0 0 1 0 0 0 0
1611 1 0 0 0 0 0 1 0 0 0 0 0 0 0 0 0 0 0 0 0
1612 0 0 0 0 0 0 0 0 0 0 0 0 0 0 0 1 0 0 0 0
1613 0 0 1 0 0 0 0 0 0 1 0 0 0 0 0 0 0 0 0 0
1614 40 0 0 0 0 0 1 0 0 1 0 0 0 0 0 0 0 0 0 0
1615 1 0 1 1 0 1 0 0 0 0 1 0 0 0 0 0 0 0 0 0
1616 3 0 0 0 0 0 0 0 0 1 0 0 0 0 0 0 0 0 0 0
1617 1 0 0 0 0 0 0 0 0 0 0 0 0 0 0 1 0 0 0 0
1618 8 0 1 0 0 0 0 1 0 0 0 0 0 0 0 0 0 0 0 0
1619 2 0 0 0 0 0 0 0 0 1 0 0 0 0 0 0 0 0 0 0
1620 1 0 0 0 0 0 1 0 0 0 0 0 0 0 0 0 0 0 0 0
1621 2 0 0 0 0 0 0 0 0 0 0 0 0 0 0 0 0 1 0 0
1622 5 0 0 0 0 0 1 0 0 0 0 0 0 0 0 0 0 0 0 0
1623 2 0 0 0 0 0 0 0 0 1 0 0 0 0 0 0 0 0 0 0
1624 0 0 0 0 0 0 0 0 0 0 0 0 0 0 0 0 0 1 0 0
1625 1 0 0 0 0 0 0 0 0 0 0 0 1 0 0 0 0 1 0 0
1626 2 0 0 0 0 0 1 0 0 1 0 0 0 0 0 0 0 0 0 0
1627 2 0 0 0 0 0 1 0 0 1 0 0 0 0 0 0 0 0 0 0
1628 4 0 0 0 0 0 0 0 0 1 0 0 0 0 0 0 0 0 0 0
1629 3 0 0 0 0 0 0 0 1 0 0 0 0 0 0 0 0 0 0 0
1630 2 0 0 0 0 0 0 0 0 1 0 0 0 0 0 0 0 0 0 0
1631 5 0 0 0 0 0 1 0 0 1 0 0 0 0 0 0 0 0 0 0
1632 2 0 0 0 0 0 0 0 0 0 0 0 0 0 0 0 0 0 1 0
1633 2 0 0 0 0 0 1 0 0 1 0 0 0 0 0 0 0 0 0 0
1634 2 0 0 0 0 0 0 0 0 1 0 0 0 0 0 0 0 0 0 0
1635 12 0 0 0 0 0 0 0 0 1 0 0 0 0 0 0 0 0 0 0
1636 2 0 0 0 0 0 0 0 0 1 0 0 0 0 0 0 0 0 0 0
1637 2 0 0 0 0 0 0 0 0 1 0 0 0 0 0 0 0 0 0 0
1638 2 0 0 0 0 0 0 1 0 1 0 0 0 0 0 0 0 0 0 0
1639 2 0 0 0 0 0 0 0 0 1 0 0 0 0 0 0 0 0 0 0
1640 2 0 0 0 0 0 0 0 0 1 0 0 0 0 0 0 0 0 0 0
1641 2 0 0 0 0 0 0 0 1 0 0 0 0 0 0 0 0 0 0 0
1642 2 0 0 0 0 0 0 0 0 1 0 0 0 0 0 0 0 0 0 0
1643 1 0 0 0 0 0 0 0 0 1 0 0 0 0 0 0 0 0 0 0
1644 1 0 0 0 0 0 1 0 0 0 0 0 0 0 0 0 0 0 0 0
1645 0 0 0 0 0 0 0 0 0 1 0 0 0 0 0 0 0 0 0 0
1646 0 0 1 0 0 0 0 0 0 1 0 0 0 0 0 0 0 0 0 0
1647 0 0 0 0 0 0 1 1 0 1 0 0 0 0 0 0 0 0 0 0
1648 0 0 0 0 0 0 0 0 0 1 0 0 0 0 0 0 0 0 0 0
1649 0 0 0 0 0 0 1 0 1 0 0 0 0 0 0 0 0 0 0 0
1650 0 0 0 0 0 0 0 0 0 1 0 0 0 0 0 0 0 0 0 0
1651 0 0 0 0 0 0 0 0 0 1 0 0 0 0 0 0 0 1 0 0
1652 1 0 0 0 0 0 0 0 0 0 0 0 0 0 0 1 0 0 0 0
1653 2 0 0 0 0 0 0 0 0 1 0 0 0 0 0 0 0 0 0 0
1654 0 0 0 0 0 0 1 0 0 0 0 0 0 0 0 0 0 0 0 0
1655 4 0 0 0 0 0 1 0 0 0 0 0 0 0 0 1 0 0 0 0
1656 0 0 0 0 0 0 1 0 0 0 0 0 0 0 0 1 0 0 0 0
1657 2 0 1 0 0 0 0 0 0 1 0 0 0 0 0 0 0 0 0 0
1658 2 0 0 0 0 0 0 0 0 1 0 0 0 0 0 0 0 0 0 0
1659 2 0 0 0 0 0 1 0 0 0 0 0 0 0 0 0 0 0 0 0
1660 2 0 0 0 0 0 0 0 0 1 0 0 0 0 0 0 0 0 0 0
1661 4 0 0 0 0 0 0 0 0 1 0 0 0 0 0 0 0 0 0 0
1662 1 0 0 0 0 0 0 0 0 1 0 0 0 0 0 1 0 0 0 0
1663 1 0 0 0 0 0 0 0 0 1 0 0 0 0 0 0 0 0 1 0
1664 1 0 0 0 0 0 1 0 0 0 0 0 0 0 0 0 0 0 0 0
1665 1 0 0 0 0 0 0 0 0 1 0 0 0 0 0 0 0 0 0 0
1666 1 0 0 0 0 0 0 0 0 1 0 0 0 0 0 0 0 0 0 0
1667 1 0 0 0 0 0 0 0 0 1 0 0 0 0 0 0 0 0 0 0
1668 1 0 0 0 0 0 1 0 0 0 0 0 0 0 0 0 0 0 0 0
1669 1 0 0 0 0 0 0 1 0 1 0 0 0 0 1 0 0 0 0 0
1670 0 0 0 0 0 0 1 0 0 0 0 0 0 0 0 0 0 1 0 0
1671 0 0 0 0 0 0 0 0 0 1 0 0 0 0 0 0 0 0 0 0
1672 5 0 0 0 0 0 0 0 0 1 0 0 0 0 0 0 0 0 0 0
1673 3 0 1 0 0 0 0 0 0 0 0 0 0 0 0 0 0 1 0 0
1674 36 0 0 0 0 0 0 0 0 1 0 0 0 0 0 0 0 0 0 0
1675 2 0 0 0 0 0 0 0 0 1 0 0 0 0 0 0 0 0 0 0
1676 2 0 0 0 0 0 0 0 0 1 0 0 0 0 0 0 0 0 0 0
1677 2 0 0 0 0 0 0 0 0 1 0 0 0 0 0 0 0 0 0 0
1678 0 0 0 0 0 0 0 0 0 1 0 0 0 0 0 0 0 0 0 0
1679 0 0 0 0 0 0 0 0 0 0 0 0 0 0 0 1 0 1 0 0
1680 0 0 0 0 0 0 0 0 0 1 0 0 0 0 0 1 0 0 0 0
1681 4 0 0 0 0 0 1 0 0 0 0 0 0 0 0 0 0 0 0 0
1682 2 0 0 0 0 0 0 0 0 1 0 0 0 0 0 0 0 0 0 0
